Gioco del Lotto Archivio estrazioni e statistiche (2020)
DATE	Bari					Cagliari					Firenze					Genova					Milano					Napoli					Palermo					Roma					Torino					Venezia					Nazionale
2020-12-31	44	55	41	85	29	31	66	08	02	30	34	72	43	60	09	41	36	72	73	49	13	39	18	24	83	80	78	16	83	65	23	40	11	22	73	46	11	20	41	27	67	32	04	85	88	66	77	20	22	10	55	49	05	45	33
2020-12-29	88	58	67	27	14	58	13	70	83	48	30	90	57	88	21	16	59	74	33	28	71	18	87	85	40	31	54	70	90	51	21	17	30	46	18	54	34	10	65	33	20	58	62	38	51	88	37	45	60	62	58	61	19	26	40
2020-12-28	62	66	89	42	27	16	79	54	82	44	21	07	49	34	13	25	86	54	03	64	61	01	41	37	36	40	32	65	08	10	37	26	54	88	08	65	77	76	59	79	17	23	20	25	89	57	52	36	80	89	10	43	90	18	16
2020-12-24	56	17	30	03	15	60	37	84	30	81	74	15	08	42	55	84	26	04	59	25	54	67	13	46	89	35	20	83	32	22	41	13	02	53	73	58	74	71	50	24	08	60	79	47	72	24	47	55	52	29	10	28	76	63	88
2020-12-22	85	51	74	44	30	82	27	21	06	89	47	46	60	63	28	63	90	40	28	34	05	59	37	53	73	16	78	65	33	83	39	35	36	79	80	67	08	81	49	23	31	02	81	64	18	37	06	82	54	60	85	08	78	48	13
2020-12-19	38	53	50	59	75	59	67	31	15	50	74	25	45	32	17	23	43	58	08	16	48	16	07	25	15	05	79	49	14	76	20	53	24	56	44	56	06	01	73	61	79	06	69	18	88	27	73	63	71	85	14	32	15	17	29
2020-12-17	30	24	69	07	55	16	43	13	49	81	82	50	39	72	48	88	52	60	36	25	15	29	80	42	75	88	85	58	45	75	06	71	90	87	13	70	67	50	57	79	30	23	05	67	40	01	63	34	22	36	46	23	33	27	61
2020-12-15	16	89	13	35	60	26	61	50	17	83	17	88	54	41	06	25	35	11	01	70	87	76	55	18	09	70	15	58	62	31	84	25	89	62	31	85	07	31	78	16	16	86	48	75	43	87	45	44	61	65	65	41	34	90	08
2020-12-12	29	27	11	06	89	14	63	54	66	87	84	60	51	47	40	11	20	48	75	64	28	78	64	21	27	64	36	63	80	59	44	32	30	41	23	86	44	11	57	50	63	46	71	07	89	74	87	81	16	38	34	55	76	51	88
2020-12-10	80	71	22	85	17	18	84	02	37	62	18	17	66	30	46	19	26	01	69	17	05	84	29	81	61	19	49	80	16	09	51	85	84	29	40	03	53	17	64	58	10	18	33	36	43	38	07	81	20	15	10	64	13	09	55
2020-12-09	30	74	23	68	65	26	30	89	88	03	20	33	70	51	39	58	66	87	27	35	32	41	52	25	89	69	54	75	68	15	15	78	60	24	90	15	52	04	24	55	11	50	05	30	48	23	52	03	72	68	13	37	53	39	12
2020-12-05	21	65	07	84	13	71	65	72	89	24	76	68	71	35	34	02	28	62	73	79	49	48	47	24	61	28	48	25	58	44	48	28	43	53	34	09	38	84	33	51	39	03	66	60	30	30	53	27	38	58	78	31	82	75	03
2020-12-03	27	31	12	54	68	54	63	16	57	73	34	54	62	53	39	88	79	33	39	19	14	34	51	50	47	71	82	13	77	05	01	24	51	71	65	79	15	80	04	08	88	55	14	50	03	25	85	27	55	81	44	64	45	54	68
2020-12-01	65	80	01	13	85	51	71	84	16	65	65	64	01	35	85	47	74	46	56	18	54	90	05	23	53	42	89	17	67	25	77	01	54	76	29	32	89	76	64	28	88	86	63	68	26	43	42	15	46	35	42	19	50	25	29
2020-11-28	61	80	40	26	16	14	12	83	85	28	76	40	31	53	61	58	02	50	34	30	86	62	14	54	23	81	26	19	35	09	26	39	31	16	51	11	58	68	23	85	59	74	88	01	22	35	57	28	36	90	26	80	87	36	77
2020-11-26	15	72	17	27	06	67	27	63	44	78	80	71	01	59	16	73	36	34	52	05	04	77	44	43	31	53	03	04	24	90	52	53	46	71	64	39	08	05	33	62	66	12	47	68	06	88	57	66	52	34	04	80	34	76	45
2020-11-24	56	45	69	74	10	03	75	10	33	68	06	46	45	22	66	21	90	46	69	56	58	56	44	45	21	20	32	07	62	56	48	20	22	38	66	84	61	37	04	73	31	27	16	64	38	45	18	13	75	82	52	82	57	61	07
2020-11-21	47	67	09	60	21	67	76	61	81	78	07	43	04	16	61	34	79	89	25	15	10	69	46	17	60	86	89	19	24	49	57	76	85	47	54	38	57	55	23	67	49	29	75	36	51	52	67	02	64	42	84	26	11	06	60
2020-11-19	43	51	08	70	76	89	37	84	79	30	51	04	27	37	36	22	67	42	51	48	56	24	28	79	23	57	27	74	41	02	11	02	61	69	84	01	09	42	11	63	81	49	78	33	15	69	18	25	37	43	88	08	69	82	33
2020-11-17	15	82	83	61	29	14	78	41	38	83	61	44	80	22	89	31	86	75	13	25	74	75	40	24	60	34	74	35	20	38	27	67	47	36	09	31	75	04	30	57	80	53	07	11	12	50	67	65	18	07	58	74	69	73	32
2020-11-14	20	23	34	18	72	34	89	36	57	18	03	67	47	15	05	39	47	04	15	03	05	12	04	29	60	15	50	90	31	38	25	26	08	42	76	06	45	74	12	78	26	36	49	67	02	45	87	21	63	46	11	86	71	13	03
2020-11-12	77	20	34	21	52	30	09	63	20	33	32	16	02	63	29	16	03	11	30	40	44	84	72	58	78	28	12	88	60	77	61	74	71	07	13	78	37	19	35	90	27	62	34	76	31	36	90	58	66	57	44	56	69	12	01
2020-11-10	54	64	49	45	65	45	10	76	01	69	34	06	76	02	50	20	66	04	23	63	24	06	75	74	39	69	06	51	04	08	22	31	63	08	35	85	90	33	67	05	25	80	75	88	18	65	53	45	17	75	21	46	55	37	47
2020-11-07	84	83	14	11	08	31	40	27	62	39	87	20	59	22	80	06	64	02	26	61	77	85	58	79	87	10	56	18	46	44	50	10	61	14	40	63	81	16	54	84	52	49	31	58	34	89	83	54	67	12	16	38	48	73	11
2020-11-05	66	85	12	38	77	30	13	58	43	79	18	67	52	42	63	61	12	66	74	89	90	58	73	26	33	72	38	43	70	42	73	22	67	24	69	39	38	42	61	04	83	12	45	61	55	64	83	52	28	68	83	58	76	38	05
2020-11-03	89	02	13	67	57	44	67	27	81	05	82	29	16	13	47	28	61	15	20	90	23	28	15	71	37	66	39	25	81	51	57	30	35	64	18	81	72	20	09	19	25	42	20	54	17	10	29	13	35	17	18	57	39	52	46
2020-10-31	83	79	69	87	59	65	47	52	43	07	80	09	50	63	30	49	39	64	11	25	72	82	64	06	09	28	72	33	87	40	48	33	07	12	62	32	20	83	48	40	63	35	73	02	28	23	08	37	27	35	44	25	81	72	77
2020-10-29	26	78	70	83	51	62	21	12	11	44	48	38	85	90	79	81	57	25	32	34	13	49	15	82	27	31	09	27	24	33	08	25	31	86	40	10	06	39	57	85	77	39	71	74	22	67	76	29	28	56	30	40	42	26	16
2020-10-27	88	72	12	87	49	22	20	56	59	30	05	39	74	53	86	57	72	07	46	02	88	40	30	33	38	23	14	11	90	20	12	18	89	06	20	76	03	45	20	44	64	30	43	69	16	56	60	32	17	46	59	74	12	50	54
2020-10-24	40	30	77	81	51	87	17	62	70	86	25	23	35	16	58	74	59	40	37	16	73	39	57	36	25	72	06	50	77	68	58	63	65	54	38	58	67	20	84	13	88	45	51	66	77	82	62	60	58	24	62	26	09	02	68
2020-10-22	70	31	13	07	89	71	72	05	37	13	10	86	25	29	79	53	34	69	60	33	66	90	04	86	47	89	71	31	05	32	10	28	73	56	76	13	65	18	84	25	14	15	70	18	49	35	78	23	32	18	02	43	32	64	84
2020-10-20	79	28	63	61	45	28	34	81	48	89	29	27	12	37	17	56	55	44	30	07	47	90	64	49	14	34	19	84	65	05	88	57	87	10	18	29	11	02	16	65	70	61	29	47	25	01	76	78	77	74	65	57	24	40	34
2020-10-17	47	24	50	84	17	19	11	50	89	68	44	07	43	23	11	27	24	60	34	05	27	31	10	14	47	21	40	24	68	85	67	04	11	63	49	28	32	49	81	72	50	28	40	22	18	21	49	29	47	12	90	32	20	10	63
2020-10-15	06	09	89	86	27	05	61	54	03	41	12	60	26	18	39	05	45	09	71	34	36	84	07	30	23	43	48	79	27	39	39	29	21	53	74	22	63	73	09	83	68	30	44	71	65	21	39	32	35	19	47	33	65	21	18
2020-10-13	83	66	09	89	16	80	81	15	09	54	57	39	80	03	52	47	75	78	04	84	35	18	75	25	66	13	62	40	31	56	23	59	30	65	27	22	08	77	49	60	78	14	20	38	08	71	39	10	78	83	22	27	56	86	87
2020-10-10	49	57	23	84	18	01	41	36	73	17	04	18	29	76	81	31	83	57	90	32	56	45	74	71	07	42	61	40	51	53	60	36	84	50	01	16	14	18	13	78	19	62	85	78	11	20	55	39	45	84	82	32	88	84	89
2020-10-08	71	49	02	50	88	49	61	70	33	48	60	71	02	22	88	30	10	56	38	05	78	29	30	36	15	53	19	76	04	88	83	85	55	31	84	81	58	46	52	60	53	36	85	87	52	47	72	52	79	15	58	69	54	83	71
2020-10-06	17	24	26	12	18	80	86	46	81	74	85	34	65	50	83	14	90	63	35	83	43	17	25	06	49	44	72	46	76	80	83	87	24	54	35	83	39	25	19	36	48	07	47	70	06	84	65	79	32	16	02	28	41	04	34
2020-10-03	90	48	11	49	31	07	56	50	62	63	74	88	65	46	66	60	28	22	39	72	64	86	68	65	82	06	35	61	74	51	35	44	48	25	67	68	43	57	88	49	14	84	49	79	75	36	90	12	24	74	62	10	34	17	04
2020-10-01	88	21	77	69	70	11	15	74	51	04	30	08	68	32	37	03	21	15	42	36	25	87	17	06	78	73	43	87	18	52	24	72	33	87	85	82	14	74	08	02	26	90	31	03	05	31	40	48	63	29	18	87	29	13	10
2020-09-29	26	24	40	80	49	07	33	55	89	81	53	20	13	75	41	19	47	62	29	06	82	17	24	21	50	39	02	72	42	78	04	74	78	38	61	19	14	20	90	82	47	41	57	70	02	33	48	75	23	49	56	16	62	43	15
2020-09-26	14	86	85	68	16	31	45	42	79	21	74	69	10	63	35	67	32	79	36	66	89	59	36	77	90	58	33	06	18	56	30	19	62	90	17	33	70	35	75	21	15	20	57	21	35	36	29	71	15	26	73	02	20	72	10
2020-09-24	04	30	73	82	79	32	17	07	74	66	65	41	23	88	85	79	78	60	88	73	22	69	02	80	27	59	53	67	13	86	81	90	39	11	65	53	72	39	54	52	62	70	10	54	82	52	43	10	80	75	17	23	52	76	78
2020-09-22	07	10	21	80	04	25	09	04	29	78	08	57	19	82	62	49	40	51	23	79	72	84	69	13	07	26	28	47	16	79	33	70	28	79	29	06	82	34	70	09	49	30	26	02	70	33	43	37	19	08	53	72	55	78	68
2020-09-19	18	20	09	74	03	22	72	21	74	66	55	07	37	27	08	35	89	31	08	67	77	87	48	33	41	53	78	88	10	20	29	39	26	51	54	42	32	33	28	83	53	46	62	01	90	71	27	49	89	64	60	73	34	10	78
2020-09-17	77	23	45	54	86	57	81	85	39	21	12	86	38	52	81	71	11	62	85	12	10	47	71	45	58	88	50	77	54	33	29	32	27	04	28	22	14	21	19	64	57	12	78	67	62	04	37	70	03	79	52	80	15	13	59
2020-09-15	85	84	65	30	18	38	80	55	43	21	24	08	13	14	01	72	70	08	26	73	65	50	88	59	26	45	50	29	08	38	74	52	37	33	39	32	74	48	78	36	33	34	60	79	64	08	16	29	14	34	62	85	02	64	31
2020-09-12	87	74	26	66	13	58	37	56	72	86	89	05	47	37	71	03	38	01	47	69	64	09	89	27	33	14	17	63	75	20	06	29	77	09	02	83	77	89	62	35	53	32	29	39	66	21	42	60	83	39	34	10	09	02	06
2020-09-10	60	58	72	22	14	76	53	55	86	16	25	65	84	41	04	89	86	40	47	51	74	50	66	75	01	07	63	60	44	28	38	63	41	83	39	67	37	35	82	72	70	34	83	77	14	74	77	79	54	19	74	18	37	45	64
2020-09-08	13	06	24	58	38	56	51	34	37	36	35	61	68	82	15	69	47	03	49	83	71	23	01	07	47	59	04	25	18	41	54	80	34	61	30	68	69	64	66	23	34	01	74	26	53	19	90	65	21	70	86	72	18	51	04
2020-09-05	05	50	39	64	15	43	83	23	50	76	01	74	82	06	63	87	04	31	16	58	25	86	33	24	05	03	21	50	07	13	26	14	65	62	86	32	26	43	33	17	17	49	01	36	56	44	79	68	66	34	06	10	25	90	47
2020-09-03	19	02	16	36	56	82	26	87	47	75	66	55	85	44	35	81	88	30	07	15	30	34	42	46	58	28	70	47	61	51	84	89	79	71	56	38	57	71	27	05	58	53	22	16	30	69	67	84	54	41	06	02	88	70	39
2020-09-01	61	20	27	74	52	31	46	32	62	25	56	51	48	87	29	75	69	87	89	56	35	63	81	90	16	43	74	32	70	48	45	12	89	65	10	60	56	27	79	71	37	71	72	11	44	75	23	74	39	46	86	07	09	80	45
2020-08-29	61	19	89	53	56	63	80	48	19	53	89	78	25	87	14	52	68	32	81	74	13	03	52	65	63	81	45	67	66	20	58	76	35	36	25	79	76	73	67	18	40	56	26	02	47	82	09	50	24	33	59	75	37	21	39
2020-08-27	31	55	80	47	40	72	64	43	22	51	14	03	37	84	78	17	60	79	06	02	40	49	57	42	23	33	54	63	53	31	72	83	05	03	63	57	52	54	51	80	46	09	68	65	85	83	48	58	19	71	44	55	84	86	33
2020-08-25	77	72	10	53	34	24	19	53	37	68	69	33	31	36	46	47	13	49	02	14	11	01	52	16	83	07	58	02	73	25	27	14	90	74	13	30	79	51	35	46	35	47	20	07	15	78	24	84	81	51	74	35	30	01	03
2020-08-22	10	74	25	57	65	67	08	82	80	71	49	55	32	77	64	64	62	52	02	41	06	87	88	51	75	11	77	48	52	85	40	16	47	89	50	63	30	55	84	07	01	85	57	47	19	85	83	42	06	36	70	59	72	82	04
2020-08-20	21	52	23	56	02	61	29	49	79	30	28	56	09	81	86	08	48	36	38	84	35	52	34	86	83	53	07	59	68	60	38	71	03	86	57	53	13	03	44	59	63	08	88	54	73	28	38	66	22	63	68	29	38	87	54
2020-08-18	20	39	57	89	22	70	50	54	65	16	01	44	47	04	22	72	71	39	49	42	59	16	86	57	26	80	30	22	42	60	55	07	09	80	45	70	04	81	65	15	44	76	80	04	16	65	31	02	22	15	36	90	75	59	21
2020-08-17	50	48	30	74	14	59	56	67	57	23	18	26	39	68	44	24	87	06	52	77	21	72	15	40	02	54	65	76	39	63	64	24	72	58	67	53	89	62	90	56	34	45	55	70	28	62	75	53	21	26	45	79	15	89	78
2020-08-13	85	14	03	88	26	75	85	81	77	13	69	86	10	60	36	02	57	16	09	59	83	06	51	18	46	75	80	20	52	47	64	05	73	89	88	67	02	60	74	63	83	42	23	03	35	83	87	86	72	88	12	77	42	19	32
2020-08-11	39	20	62	35	07	34	70	31	37	66	82	28	43	48	47	13	70	07	08	69	52	15	02	35	14	19	41	78	11	47	57	56	65	20	40	06	10	44	72	11	52	30	56	09	81	43	52	03	26	10	52	69	60	64	06
2020-08-08	67	68	65	64	79	58	72	16	48	60	09	44	66	48	10	13	20	34	41	09	87	73	59	32	15	74	58	75	71	11	30	38	81	20	32	29	52	41	48	28	61	78	71	76	25	63	24	82	40	52	22	60	68	69	53
2020-08-06	17	88	49	90	62	39	59	66	24	21	58	64	04	29	79	58	11	19	35	04	38	12	70	04	19	50	66	43	87	55	25	22	52	62	05	79	28	20	64	46	42	49	05	14	41	24	73	22	46	19	58	76	81	64	59
2020-08-04	37	51	75	89	06	18	44	89	16	17	43	22	24	45	87	79	19	02	68	34	19	08	85	12	48	83	04	82	76	07	16	80	78	06	66	26	17	50	23	35	83	07	77	43	33	11	81	73	68	33	54	05	69	84	25
2020-08-01	76	69	56	19	61	01	57	40	51	30	22	05	79	48	60	65	51	01	62	02	22	10	34	09	19	73	02	31	15	79	68	45	87	55	71	78	01	67	74	21	83	36	67	23	76	32	30	58	43	66	21	67	77	32	13
2020-07-30	18	52	16	17	70	30	11	45	21	78	77	02	61	04	76	62	16	63	73	78	52	68	35	69	70	58	12	38	59	26	56	35	88	33	18	64	34	84	77	33	64	18	45	79	01	77	90	12	88	86	12	81	03	20	06
2020-07-28	35	61	06	37	66	48	56	21	87	22	45	46	05	47	60	03	53	48	43	36	45	82	30	68	26	21	76	77	07	19	70	65	63	20	40	54	05	53	25	21	03	10	02	18	34	38	30	13	76	10	82	53	19	66	81
2020-07-25	39	02	71	66	03	67	20	32	82	06	02	41	14	17	61	90	28	01	69	10	69	40	64	58	12	52	90	34	60	54	40	13	49	43	66	90	80	81	44	75	31	45	86	23	79	52	33	84	42	56	49	25	19	07	17
2020-07-23	61	07	77	64	25	41	78	15	08	12	82	33	31	18	32	35	46	32	19	84	40	84	80	76	62	49	42	25	02	53	69	65	10	40	44	41	29	49	70	37	52	65	62	12	38	61	38	17	16	23	20	61	05	68	02
2020-07-21	86	33	47	58	83	88	60	27	34	54	72	68	50	73	56	85	03	02	20	52	68	37	59	29	73	73	48	02	63	08	73	61	52	33	25	17	57	28	24	89	48	69	23	89	04	19	32	35	29	20	74	45	85	06	07
2020-07-18	45	48	09	11	02	23	85	29	05	34	60	34	84	66	70	42	44	04	62	32	32	41	31	16	23	02	73	34	29	90	30	13	38	82	66	12	16	19	72	13	63	90	45	21	64	45	50	80	43	55	13	81	66	47	25
2020-07-16	12	59	20	60	27	86	66	90	44	10	18	35	47	66	02	28	79	64	63	26	59	80	39	64	38	18	82	86	89	44	15	81	30	40	51	54	43	08	26	28	50	66	24	60	04	29	18	30	89	15	75	43	50	83	42
2020-07-14	24	40	10	08	36	77	42	15	74	81	78	86	18	25	10	26	01	56	51	49	49	79	60	23	72	49	84	88	48	85	26	11	81	87	34	43	69	35	21	47	37	09	85	06	05	76	47	54	12	65	23	60	02	17	43
2020-07-11	61	70	43	74	79	35	90	63	30	10	59	60	70	24	11	01	57	53	63	10	77	40	13	58	83	02	40	88	61	90	02	80	03	87	63	27	14	76	66	72	50	90	07	23	89	38	60	29	89	31	02	26	63	77	48
2020-07-09	14	87	01	29	50	09	81	57	28	36	26	46	59	33	17	06	02	77	17	71	22	07	21	76	19	07	03	69	17	54	52	08	42	26	12	68	09	47	69	26	73	53	13	54	04	90	74	87	45	88	79	12	62	72	56
2020-07-07	78	54	63	51	49	70	03	20	57	60	65	32	57	81	52	43	66	36	76	01	50	22	54	86	85	88	44	31	06	08	82	04	88	31	59	07	70	90	83	86	71	15	08	73	27	82	62	87	73	59	16	76	18	75	42
2020-07-04	87	44	78	34	62	54	86	73	43	03	40	01	34	67	50	41	11	84	14	80	30	81	59	43	42	61	21	32	34	31	53	70	47	69	79	72	50	58	35	10	35	67	02	77	01	70	38	77	67	27	29	74	45	86	61
2020-07-02	73	64	20	32	57	34	78	85	12	32	13	02	73	09	36	10	33	67	28	56	33	05	40	81	35	59	09	63	70	18	67	72	09	65	47	11	63	59	49	83	64	67	63	02	84	64	19	08	65	12	32	55	40	64	84
2020-06-30	24	74	68	69	45	74	32	58	01	84	50	63	60	11	69	86	82	34	68	29	20	63	71	75	11	17	27	76	15	57	37	61	25	68	10	85	61	54	07	43	51	53	01	44	41	77	22	85	32	69	13	75	44	72	10
2020-06-27	02	41	33	40	88	33	49	72	78	86	85	02	54	35	12	23	19	20	49	40	09	32	82	04	01	43	47	49	45	03	18	45	79	02	65	21	14	35	09	64	87	59	67	65	81	01	20	55	66	51	47	90	35	48	81
2020-06-25	26	50	20	27	64	52	36	25	37	09	63	31	41	50	07	30	48	85	81	68	80	15	77	29	90	47	67	51	85	80	88	28	46	29	13	89	75	74	46	48	07	22	08	51	11	65	90	14	71	53	56	52	31	86	17
2020-06-23	16	20	55	66	51	65	15	88	51	86	42	38	48	90	14	60	24	09	65	05	20	88	79	73	27	43	09	75	23	02	46	10	38	49	42	70	27	22	40	12	25	28	15	11	66	78	31	47	65	55	42	78	10	65	69
2020-06-20	32	73	29	80	14	41	59	30	79	22	66	47	01	13	49	08	67	13	59	55	13	57	37	53	59	78	18	63	83	61	57	25	26	48	65	90	68	34	54	50	52	74	26	66	44	64	36	74	51	16	75	43	24	25	88
2020-06-18	33	09	46	78	65	37	90	11	58	16	77	49	86	19	73	29	83	53	45	35	19	15	82	41	88	62	65	60	08	66	48	07	74	32	27	44	27	52	31	13	69	37	60	15	81	45	23	90	80	41	05	30	61	78	55
2020-06-16	90	22	52	65	67	26	71	70	49	65	59	40	18	36	42	31	78	08	15	65	58	14	48	05	07	39	46	79	59	19	83	53	13	45	41	37	02	26	28	20	76	18	15	08	67	89	02	46	48	87	24	68	54	31	10
2020-06-13	47	29	83	23	35	52	59	47	90	58	39	27	69	57	66	56	60	84	13	15	61	09	63	14	20	71	22	31	34	38	48	77	14	71	61	68	70	10	39	86	20	53	90	69	66	84	28	05	13	56	57	07	52	84	75
2020-06-11	48	33	53	35	86	01	40	18	28	05	67	09	35	47	64	19	25	31	27	42	40	72	02	05	44	47	62	84	66	14	32	66	01	80	56	10	30	81	03	57	88	64	15	46	02	41	80	35	42	68	15	82	77	28	66
2020-06-09	43	81	72	33	69	50	68	89	13	28	80	06	24	46	14	52	66	01	71	27	62	20	13	15	66	03	75	47	72	31	81	52	47	38	77	01	45	79	89	31	87	49	38	68	28	70	07	74	54	26	20	05	74	82	70
2020-06-06	68	48	37	22	27	33	52	81	56	03	73	81	75	67	35	27	54	21	40	72	31	11	58	16	79	23	88	80	73	28	77	59	02	03	04	68	85	73	24	34	25	46	17	52	84	15	60	64	51	72	03	46	25	09	05
2020-06-04	66	16	84	79	42	12	89	70	50	65	10	14	28	58	27	74	68	77	64	31	85	64	15	67	28	33	80	12	11	20	42	24	79	45	48	52	77	39	01	56	66	20	62	64	26	31	30	66	68	88	25	10	89	39	18
2020-06-03	31	54	23	65	77	25	89	33	52	10	44	02	15	55	90	52	19	86	46	51	51	89	79	75	27	09	56	35	85	28	38	86	19	61	41	80	40	70	06	69	31	72	82	50	20	45	82	52	12	89	31	09	22	15	46
2020-05-30	60	36	84	30	73	41	42	31	55	70	66	79	32	77	55	54	83	39	65	43	21	53	19	90	63	41	02	58	85	03	52	45	10	14	40	32	27	36	15	13	66	49	45	55	81	02	12	77	88	54	82	79	33	55	45
2020-05-28	40	58	46	71	84	73	29	19	24	27	13	58	39	36	19	68	63	58	55	31	78	18	09	75	80	41	62	21	79	25	89	25	87	67	27	57	58	66	41	68	06	87	20	02	46	90	16	77	52	26	54	26	52	49	60
2020-05-26	13	73	68	49	31	90	88	33	21	46	46	15	58	02	32	20	12	83	89	31	35	85	49	20	37	15	72	84	13	75	44	60	49	29	24	44	45	36	54	61	35	70	76	51	33	68	50	82	34	25	70	52	37	76	45
2020-05-23	74	84	56	90	38	18	45	08	25	01	26	58	37	54	20	15	36	73	48	74	12	34	48	02	36	07	53	88	34	75	39	51	87	01	31	58	49	82	13	11	37	69	74	57	29	78	28	48	27	18	38	59	69	01	61
2020-05-21	83	54	02	55	33	40	13	14	52	76	89	81	59	76	69	35	36	06	23	40	49	13	61	05	65	25	39	70	46	88	26	63	49	35	20	20	36	81	44	37	28	51	43	82	37	54	81	25	04	67	09	18	85	69	17
2020-05-19	34	32	33	74	57	29	86	69	13	84	10	22	37	47	42	80	72	62	73	56	45	50	49	80	31	20	01	59	65	83	41	78	25	69	36	59	45	55	14	22	21	06	65	02	78	47	70	40	43	81	80	48	74	10	09
2020-05-16	10	51	14	62	64	72	54	24	03	32	06	41	30	75	87	82	57	29	66	42	10	64	25	73	65	75	70	32	30	64	67	68	08	05	85	40	90	02	35	48	39	77	34	53	54	09	66	25	34	15	63	71	25	75	23
2020-05-14	13	31	02	32	78	30	22	35	16	34	82	87	41	12	34	34	78	42	22	76	77	76	54	42	08	07	43	88	76	77	58	60	02	68	14	63	43	49	18	40	16	34	20	33	69	42	51	87	13	59	89	67	79	78	43
2020-05-12	31	27	40	04	54	03	21	09	83	31	18	45	23	31	68	12	63	73	14	35	03	44	46	85	27	18	07	35	40	45	71	89	86	65	18	86	82	65	47	26	56	64	13	32	16	62	61	37	78	06	79	70	16	08	04
2020-05-09	49	84	21	79	67	26	31	62	10	25	11	16	28	61	59	69	34	70	71	26	55	20	06	72	54	45	63	79	14	85	07	76	24	52	50	11	22	56	40	32	03	51	41	65	21	50	83	54	43	53	51	20	02	27	65
2020-05-07	72	60	88	21	80	48	58	13	55	36	68	69	03	49	56	49	66	07	33	27	15	24	48	25	22	46	49	88	56	38	18	22	23	90	19	40	32	56	46	75	73	87	23	34	53	78	54	24	37	08	58	73	51	21	30
2020-05-05	08	17	27	62	14	53	84	11	48	13	60	18	85	15	09	84	69	40	10	13	78	28	51	20	56	08	15	39	63	78	68	61	77	78	05	55	46	83	79	70	60	79	14	32	56	87	32	27	78	59	68	32	48	21	35
2020-03-21	21	31	89	15	41	62	25	09	35	11	73	26	61	83	87	63	16	21	15	81	85	36	06	45	89	25	09	52	79	43	12	52	78	81	65	90	34	86	14	41	53	81	05	33	30	24	41	76	10	37	61	41	89	50	16
2020-03-19	32	02	61	56	52	50	04	71	45	53	05	80	21	22	66	68	60	01	76	14	86	89	09	35	27	20	03	11	75	78	75	50	86	78	13	89	34	76	10	50	61	44	77	02	32	38	64	37	70	65	47	37	34	22	87
2020-03-17	44	67	16	34	66	59	40	69	80	06	52	68	65	21	51	58	14	23	37	74	44	52	56	19	76	32	15	46	22	84	59	32	27	58	01	68	12	07	32	11	01	78	44	86	87	80	32	56	53	77	16	72	89	63	90
2020-03-14	83	07	32	65	79	18	45	76	77	09	31	15	77	13	37	11	04	22	45	23	25	66	76	16	33	54	58	60	30	47	20	26	58	57	29	20	56	34	82	70	87	60	18	51	12	32	47	66	21	68	62	08	84	75	41
2020-03-12	81	30	04	29	82	63	64	62	79	90	11	26	07	68	40	51	28	76	52	42	83	04	49	63	82	31	77	48	40	39	74	45	66	58	82	80	70	50	33	45	46	42	74	03	78	70	34	31	80	46	66	48	50	55	57
2020-03-10	84	44	32	58	35	73	30	63	43	44	17	82	54	71	32	77	31	27	16	21	54	14	46	70	31	44	29	13	30	46	07	83	43	10	30	64	77	25	44	09	90	49	75	55	04	02	28	30	58	43	89	36	22	60	20
2020-03-07	54	87	51	17	48	63	56	03	09	83	74	13	61	16	90	13	34	02	35	10	05	50	04	19	49	06	51	87	41	18	38	54	09	87	24	26	47	23	85	62	53	75	25	36	26	89	78	74	83	60	83	68	30	46	06
2020-03-05	44	20	78	76	02	70	86	09	80	10	66	89	08	26	15	37	11	21	75	20	82	48	35	53	59	85	18	90	31	75	15	11	28	71	84	81	36	45	62	13	59	52	09	10	46	69	04	45	61	29	64	07	43	61	85
2020-03-03	05	90	84	34	19	25	16	29	33	61	85	61	33	67	05	77	16	69	09	67	84	73	79	81	43	85	58	76	54	33	47	25	01	71	81	21	51	04	48	88	27	64	30	69	77	34	60	85	38	48	36	05	70	26	77
2020-02-29	32	76	86	18	51	48	68	56	27	69	04	12	16	13	56	87	39	50	36	10	65	56	38	80	24	51	11	48	17	47	86	30	67	34	18	73	45	52	03	26	64	34	46	07	76	53	31	05	33	88	83	22	56	62	16
2020-02-27	57	48	55	19	10	64	27	37	75	24	06	45	21	63	03	76	90	80	52	78	35	73	78	40	16	82	76	17	69	80	86	85	56	82	53	84	85	08	30	55	33	04	45	08	85	30	44	26	41	01	46	34	82	55	38
2020-02-25	87	34	16	18	36	67	18	61	29	08	09	13	24	12	72	28	50	27	75	51	02	09	90	48	39	23	36	15	83	51	80	75	74	62	81	35	59	82	46	50	27	02	48	47	63	76	84	43	72	15	29	82	81	27	61
2020-02-22	73	49	52	41	87	47	45	90	78	09	25	21	27	57	37	57	41	26	04	73	03	40	14	18	80	36	50	13	41	78	60	45	47	78	30	73	90	15	74	38	77	41	13	83	63	44	05	43	26	20	02	80	84	59	08
2020-02-20	44	85	29	46	58	66	53	34	70	05	65	74	80	09	44	77	42	51	40	76	76	80	34	70	30	44	45	10	43	42	52	83	57	28	42	77	12	56	16	71	19	79	15	32	14	41	48	35	70	08	42	51	58	72	60
2020-02-18	70	52	25	56	26	54	05	83	24	80	02	86	30	36	82	87	69	34	39	20	88	54	15	06	85	01	26	61	44	12	79	83	37	39	41	24	32	08	88	26	23	54	49	67	77	44	84	69	34	02	56	02	59	50	17
2020-02-15	30	83	35	44	75	23	88	76	57	72	22	69	27	04	83	75	87	40	50	16	37	42	17	71	51	43	71	19	47	44	43	20	24	28	32	68	74	81	50	09	22	76	90	77	61	31	32	72	24	74	80	74	01	39	77
2020-02-13	50	84	43	72	11	72	64	73	80	49	65	72	18	36	89	65	75	77	24	20	51	14	69	78	33	58	47	27	33	20	24	86	77	81	80	13	05	88	64	70	81	83	26	51	28	79	32	84	43	26	64	74	36	58	83
2020-02-11	76	18	87	64	15	05	75	08	13	87	16	76	52	35	01	81	52	17	41	74	30	78	36	15	66	08	84	17	47	42	11	13	50	59	63	07	55	53	43	13	65	52	31	13	87	48	53	26	07	17	45	81	20	01	64
2020-02-08	70	61	48	01	14	84	89	16	68	56	11	70	29	04	34	44	34	69	45	67	63	78	36	51	88	39	02	68	26	16	90	26	64	11	46	62	89	63	78	80	49	38	32	65	76	76	63	78	27	77	89	60	68	73	43
2020-02-06	52	13	79	43	08	03	76	23	11	90	02	77	40	70	64	80	17	82	48	12	72	48	82	40	74	89	01	29	85	66	50	11	49	77	19	14	85	61	48	15	08	10	02	51	43	10	89	27	84	20	12	62	11	64	59
2020-02-04	49	75	87	46	86	31	58	75	13	87	55	60	76	46	71	31	02	15	34	27	48	66	82	04	50	65	22	55	15	89	12	24	66	50	20	15	45	87	24	12	46	83	33	85	31	81	65	24	71	25	15	67	31	63	86
2020-02-01	59	74	78	43	66	40	65	32	33	25	11	80	61	23	45	59	61	74	66	29	69	21	79	06	01	46	87	76	09	40	78	86	89	54	44	14	12	66	54	29	52	51	74	76	44	02	56	09	41	31	73	61	45	17	04
2020-01-30	41	43	11	44	04	71	38	60	40	13	19	38	86	66	53	42	20	47	85	28	46	40	31	83	50	05	01	06	71	81	15	54	67	86	80	46	34	55	52	62	20	07	83	02	38	83	50	04	54	60	60	56	02	49	70
2020-01-28	41	02	09	49	68	10	81	06	52	05	82	28	84	71	89	60	36	40	47	46	15	87	58	13	01	72	42	38	79	74	28	11	88	72	24	61	84	03	05	19	58	64	37	21	14	81	34	17	56	12	89	21	25	01	22
2020-01-25	85	40	90	80	67	69	05	10	09	48	67	89	72	82	22	77	26	68	17	10	62	15	19	87	44	74	04	76	53	12	50	31	67	68	28	38	49	22	43	18	66	33	68	38	74	40	37	85	54	82	90	83	14	26	05
2020-01-23	01	75	04	87	81	64	17	68	18	66	57	87	70	47	30	21	01	74	12	24	09	04	18	12	52	89	83	38	04	42	48	24	41	21	72	07	39	16	28	38	43	59	15	85	80	36	29	46	40	05	84	65	74	25	50
2020-01-21	29	60	75	26	59	63	32	18	33	09	41	46	35	45	67	05	42	69	58	68	71	75	68	19	69	83	59	46	06	77	54	05	68	43	10	72	16	25	36	20	52	42	21	39	22	13	54	20	04	28	46	58	10	06	70
2020-01-18	50	69	66	53	85	05	81	46	82	37	71	40	73	41	74	57	10	51	35	16	73	28	87	15	88	22	77	89	19	41	14	09	04	03	34	40	15	45	35	11	08	30	01	72	50	49	43	76	20	38	80	18	48	02	67
2020-01-16	38	30	61	87	34	63	90	13	38	46	27	16	11	52	70	63	48	30	16	29	41	26	15	63	22	37	45	66	21	20	25	10	74	87	78	07	58	66	85	78	70	74	53	27	49	90	26	34	45	76	51	57	09	19	34
2020-01-14	57	52	48	26	31	05	32	02	72	78	25	88	11	70	35	54	68	02	86	40	14	50	25	47	43	81	46	41	50	66	86	58	64	50	46	11	26	28	69	44	48	76	88	72	13	58	25	87	68	78	41	64	75	88	31
2020-01-11	74	46	05	36	15	02	27	01	30	50	77	84	31	14	15	47	82	43	55	02	26	82	69	75	66	37	80	40	53	41	62	80	16	01	42	88	81	54	24	90	08	33	11	51	06	25	40	10	74	51	60	38	34	49	67
2020-01-09	60	50	61	26	08	83	81	30	32	85	07	89	75	49	36	44	70	32	06	01	73	88	81	45	52	51	40	12	13	09	53	40	62	60	31	65	16	03	45	34	81	06	05	90	74	24	17	23	42	39	34	24	45	61	06
2020-01-07	61	33	81	40	04	72	89	67	25	32	68	64	54	72	88	11	06	24	26	07	05	16	53	03	09	54	68	35	79	75	17	38	51	26	11	19	70	51	89	60	56	35	41	17	05	32	33	31	52	57	43	28	81	30	73
2020-01-04	15	57	03	27	85	52	87	49	83	76	21	33	44	54	09	69	30	02	15	14	31	59	80	58	11	28	69	90	50	01	56	10	46	64	42	77	03	30	59	57	48	34	27	90	11	22	48	02	28	56	56	84	82	73	30
2020-01-02	40	71	05	51	90	71	51	43	24	25	52	27	61	18	77	62	42	47	25	04	77	03	23	62	55	79	50	75	38	30	25	42	59	11	04	12	88	13	50	42	48	52	76	68	66	49	26	13	46	74	52	09	28	35	70


Lottologia.com

2021-12-30	89	15	09	38	43	48	07	70	03	08	09	16	37	27	68	88	04	60	25	43	61	32	09	88	75	57	45	69	04	32	54	36	80	13	20	75	06	83	70	10	69	66	70	56	88	06	24	59	20	71	43	90	39	24	77
2021-12-28	61	27	18	80	79	82	50	52	16	58	84	57	75	77	71	41	64	62	16	21	83	17	33	38	56	84	90	36	29	68	66	17	78	72	24	13	61	06	77	60	89	06	22	57	19	37	11	27	09	45	10	68	78	48	34
2021-12-27	44	58	36	53	43	30	17	81	38	88	74	01	66	52	90	76	84	09	23	34	46	45	50	25	33	06	66	70	87	67	61	39	46	28	82	36	42	81	62	63	18	68	57	60	87	07	14	54	53	59	64	23	72	58	62
2021-12-23	58	75	02	16	56	45	89	58	17	63	28	70	41	80	25	33	58	83	44	70	30	11	81	36	46	65	42	69	03	74	31	57	03	46	12	16	64	36	23	24	65	29	18	38	46	49	10	47	24	28	49	88	51	76	56
2021-12-21	90	52	55	28	53	38	65	59	20	87	53	35	05	17	18	73	57	28	05	29	77	37	20	53	22	23	18	38	70	57	81	18	87	78	22	71	79	82	38	63	64	33	88	75	73	34	71	59	86	31	50	90	51	16	87
2021-12-18	33	66	43	68	74	82	34	56	05	24	43	05	76	60	10	53	74	10	56	44	32	36	46	72	10	06	32	73	90	67	03	07	42	88	56	59	38	75	33	51	63	62	78	53	27	55	49	16	56	74	64	08	05	50	63
2021-12-16	44	70	29	10	62	42	32	52	11	08	61	82	49	22	04	90	81	47	77	45	28	55	61	59	87	14	32	35	64	79	25	43	87	19	44	09	69	66	03	79	48	32	12	81	47	22	46	33	61	83	84	13	37	53	44
2021-12-14	80	27	30	74	40	24	73	56	21	06	11	01	29	23	75	28	87	06	37	40	42	03	61	41	04	89	35	22	56	18	29	33	52	39	74	65	50	03	34	89	12	68	71	85	55	10	45	23	29	82	71	51	31	45	50
2021-12-11	89	74	77	56	53	41	17	30	59	03	16	35	32	25	61	11	80	41	01	59	84	88	74	34	89	56	63	20	48	51	22	37	58	30	35	39	57	25	29	50	73	05	30	25	31	37	51	64	55	48	31	05	86	62	45
2021-12-09	16	20	85	38	53	43	13	63	61	87	73	43	39	87	24	67	82	72	65	43	69	59	35	61	31	77	19	89	35	79	36	75	40	26	70	03	02	29	70	44	86	26	08	05	52	62	10	41	35	05	57	72	21	38	19
2021-12-07	72	30	67	05	88	59	75	69	56	54	32	06	90	71	12	88	28	84	13	49	51	35	33	18	23	28	15	06	84	30	90	51	42	38	79	10	79	43	72	59	22	36	78	15	03	86	54	20	80	08	39	07	67	48	33
2021-12-04	64	29	10	54	55	33	09	07	69	80	85	31	72	76	39	74	11	29	53	54	31	47	67	28	58	74	47	84	40	05	26	10	56	65	61	78	80	32	06	70	31	49	44	17	57	71	15	66	32	05	28	81	25	07	56
2021-12-02	35	29	68	86	47	26	60	43	44	46	34	30	77	22	57	18	46	82	02	24	60	43	39	88	20	72	23	51	57	22	32	60	58	35	23	32	29	43	26	58	73	82	60	21	38	90	11	34	57	46	66	58	69	75	02
2021-11-30	26	16	85	54	19	80	81	86	25	13	48	65	07	74	44	69	55	22	04	53	26	65	59	14	63	18	14	53	20	01	61	88	07	20	71	57	03	44	56	27	12	52	82	79	03	08	86	38	41	90	79	15	27	83	36
2021-11-27	64	50	86	88	54	29	78	33	68	72	42	38	69	54	13	46	02	36	41	29	33	37	70	71	21	41	57	27	06	82	04	25	49	68	60	17	45	78	75	56	17	36	64	53	08	79	83	90	60	08	51	26	63	83	43
2021-11-25	25	05	52	67	17	06	17	85	14	60	70	81	08	90	53	85	63	33	20	61	49	83	79	04	86	52	49	24	33	32	39	77	12	34	53	67	63	69	51	08	87	37	78	56	74	08	03	76	42	36	77	49	57	02	45
2021-11-23	03	72	08	01	49	09	32	44	50	61	76	30	71	90	10	11	40	36	23	44	34	73	50	58	89	81	02	78	57	76	19	15	64	50	44	72	84	65	10	06	82	15	31	38	83	48	29	12	37	04	53	36	72	08	85
2021-11-20	83	33	23	90	32	04	03	46	43	51	12	59	84	38	62	51	48	67	68	89	48	22	86	90	79	76	88	67	62	40	27	53	64	80	44	66	52	36	37	17	02	86	79	27	81	76	45	01	05	77	53	73	23	59	54
2021-11-18	69	65	86	14	75	80	76	64	36	59	86	32	74	53	03	42	14	13	35	71	90	10	75	15	11	89	36	43	45	82	15	73	43	77	60	86	27	31	48	39	34	26	24	64	38	19	18	88	28	69	55	02	66	07	58
2021-11-16	43	21	36	02	09	26	37	44	50	14	54	31	42	06	59	11	09	20	52	26	16	70	20	31	38	03	51	77	80	18	48	55	31	23	49	88	32	43	90	74	16	24	10	15	20	23	33	39	32	05	22	65	89	75	46
2021-11-13	20	50	86	08	23	21	85	74	36	19	47	89	39	46	45	50	04	83	43	85	81	06	10	72	25	85	04	87	84	55	46	08	88	87	82	79	06	62	61	45	78	47	17	57	11	55	45	26	41	39	83	08	21	28	07
2021-11-11	31	22	79	47	56	63	73	27	41	86	74	37	41	71	19	37	63	07	26	57	33	79	31	32	36	27	12	55	86	69	12	38	62	01	27	57	43	37	81	68	37	69	88	44	11	18	36	73	15	08	54	44	27	75	47
2021-11-09	70	76	54	57	35	79	44	68	69	18	64	26	44	28	88	45	27	48	21	67	29	16	81	40	77	12	64	79	65	14	76	83	66	23	37	62	28	86	09	20	38	62	42	25	20	53	43	80	29	07	04	61	75	71	21
2021-11-06	44	46	76	41	82	18	17	20	51	64	26	60	24	48	82	15	86	90	71	57	57	22	75	54	66	51	59	40	10	84	78	14	40	24	30	26	05	33	43	18	07	32	28	51	16	84	07	79	31	47	86	68	08	63	87
2021-11-04	84	12	77	49	79	76	06	10	55	52	26	60	18	64	16	13	79	47	24	82	73	68	60	88	38	36	56	02	26	47	59	69	65	58	12	08	60	22	04	76	84	69	75	66	72	47	68	53	20	17	79	87	89	30	36
2021-11-02	15	48	86	35	58	07	47	16	14	69	78	45	58	11	64	61	89	31	32	74	11	72	77	29	57	84	85	07	34	77	10	77	75	43	86	33	48	04	55	05	16	35	56	34	75	42	62	40	06	85	69	81	74	23	59
2021-10-30	17	40	61	53	81	09	55	41	77	80	72	29	30	77	84	14	65	11	61	04	41	63	61	29	66	71	55	34	05	36	79	01	56	63	83	82	77	45	59	70	52	41	29	86	33	58	71	64	86	22	01	07	30	84	06
2021-10-28	52	70	51	42	87	84	48	87	23	78	78	88	24	50	21	84	32	23	21	02	02	11	53	45	79	77	83	12	02	67	87	54	57	66	83	05	06	88	40	30	57	64	79	69	21	51	02	77	33	64	88	48	61	43	51
2021-10-26	43	29	32	57	48	01	04	35	83	42	24	43	21	35	37	80	78	65	59	83	06	72	77	27	73	89	20	31	77	27	15	72	75	36	13	45	58	80	82	72	09	72	18	74	66	17	90	48	32	55	17	87	07	57	55
2021-10-23	58	79	45	89	72	24	72	79	73	32	52	61	02	30	87	56	04	77	17	88	62	46	45	24	42	33	04	54	89	56	22	58	11	07	34	38	65	86	63	76	60	28	12	07	63	78	53	21	45	72	09	03	75	52	35
2021-10-21	82	73	44	34	26	85	70	67	44	34	32	41	14	55	87	20	12	09	69	05	24	01	78	64	38	63	20	09	32	90	79	65	90	57	75	27	70	78	61	39	39	40	28	38	31	89	45	29	30	27	16	47	06	39	71
2021-10-19	43	44	08	25	33	03	40	53	01	82	02	31	80	06	18	39	60	65	62	57	63	48	12	67	86	56	78	52	26	54	28	29	54	02	18	72	20	51	38	78	02	85	61	24	49	65	33	72	38	85	29	33	42	63	23
2021-10-16	21	55	66	10	63	75	14	16	48	25	16	33	85	70	39	07	36	37	90	28	26	83	71	69	14	72	59	13	51	60	85	31	41	24	88	09	54	17	01	19	68	01	34	32	18	67	63	19	88	37	32	03	26	24	13
2021-10-14	54	63	65	41	48	12	47	52	11	78	50	11	79	78	70	60	43	07	18	77	07	34	14	44	02	48	16	13	68	55	11	48	32	57	27	34	88	48	06	74	85	76	09	04	68	53	90	34	47	81	23	53	22	59	46
2021-10-12	01	56	71	52	49	57	29	83	10	24	35	24	61	69	08	56	39	07	47	80	04	25	43	61	45	48	26	74	82	12	30	26	71	10	88	90	63	31	77	19	55	49	81	53	73	04	82	76	54	89	58	08	76	72	65
2021-10-09	83	28	88	17	34	25	57	18	90	47	64	22	65	43	87	56	17	03	29	16	38	71	27	40	44	67	24	04	45	41	45	42	15	69	74	77	78	83	16	50	46	55	36	04	27	09	78	80	63	32	77	20	22	55	11
2021-10-07	56	62	66	53	24	49	43	89	66	27	11	20	36	27	28	79	40	36	48	89	30	15	28	78	86	29	34	64	24	51	01	58	54	72	20	70	33	48	67	52	01	74	78	64	76	05	10	01	31	23	27	82	75	33	78
2021-10-05	46	19	12	16	07	74	25	21	44	77	83	05	41	40	71	68	69	72	24	44	54	76	17	60	81	20	48	07	04	85	12	19	56	59	34	66	42	79	72	30	45	69	20	56	18	76	31	65	89	90	32	65	67	70	62
2021-10-02	12	61	87	15	32	44	68	24	35	19	68	86	75	05	57	06	21	54	68	60	21	46	13	05	23	19	35	89	61	56	21	69	33	15	71	13	78	21	42	87	78	57	34	17	43	80	38	78	51	37	83	39	15	03	16
2021-09-30	01	32	85	20	56	38	26	10	23	87	43	40	55	05	47	40	10	74	53	20	18	51	86	73	22	77	90	25	35	74	40	56	30	34	49	66	50	15	02	73	56	73	30	21	05	33	60	19	58	37	40	58	50	05	32
2021-09-28	05	19	10	71	11	83	46	17	63	52	44	47	24	41	14	58	43	57	73	61	77	83	34	55	73	90	39	76	85	26	38	10	75	45	53	65	17	45	09	81	77	53	78	39	12	86	90	70	82	25	64	42	71	36	16
2021-09-25	89	69	62	15	67	35	82	68	43	13	78	70	76	83	45	89	54	33	60	81	02	10	64	77	76	68	37	17	14	19	52	56	59	02	51	04	79	49	37	47	03	32	44	31	49	74	28	85	90	02	51	60	41	31	01
2021-09-23	52	04	30	13	49	81	77	53	13	07	58	25	33	41	73	09	41	18	31	54	21	08	17	62	15	89	49	88	76	24	84	63	75	22	69	31	16	48	06	76	60	81	46	17	53	64	34	04	55	80	52	37	15	02	47
2021-09-21	49	53	84	39	57	07	68	79	55	82	90	89	03	49	43	40	36	28	32	68	63	47	87	04	38	06	34	05	62	38	19	41	07	04	53	55	29	35	52	44	12	24	83	53	64	85	38	23	64	49	77	86	10	22	65
2021-09-18	19	82	17	54	76	07	27	63	75	62	04	76	11	34	66	45	79	12	19	83	85	40	02	52	36	22	82	43	55	04	45	44	31	90	21	02	16	62	49	36	11	16	38	88	09	56	88	52	29	06	52	76	20	25	31
2021-09-16	74	49	82	32	42	69	58	35	14	19	40	78	51	22	08	50	84	39	30	63	66	70	41	13	62	66	72	40	01	45	39	81	21	79	20	04	31	77	12	45	58	57	45	79	71	80	76	28	17	71	44	31	90	13	07
2021-09-14	54	80	62	28	21	43	07	21	17	48	60	25	36	55	59	06	22	12	88	85	71	16	28	60	32	54	06	85	28	20	87	42	51	15	41	37	45	40	78	83	29	08	81	23	61	01	32	17	86	67	64	52	24	47	11
2021-09-11	09	19	54	03	67	19	42	35	76	29	86	23	77	16	42	47	79	65	83	30	37	26	06	43	75	70	49	12	27	21	46	37	47	24	51	72	32	35	82	43	23	86	66	39	44	09	77	53	83	20	23	32	04	67	15
2021-09-09	29	25	88	56	15	18	89	25	11	22	37	40	10	43	61	45	77	88	62	76	56	74	58	43	54	49	73	21	84	22	29	12	64	10	42	58	27	54	48	09	48	82	28	32	49	01	08	54	12	72	62	71	27	90	89
2021-09-07	83	12	16	77	60	81	68	24	09	62	04	06	20	68	63	03	69	37	31	21	60	58	45	20	80	57	18	24	29	88	61	32	51	37	47	68	90	74	07	69	35	62	65	60	38	34	72	45	77	78	46	06	35	38	87
2021-09-04	57	33	68	25	47	47	56	33	63	42	90	10	18	83	32	16	65	01	19	15	20	48	75	17	47	49	28	83	74	77	43	30	59	34	76	59	60	10	52	73	24	21	25	06	67	31	34	79	15	18	55	07	87	84	82
2021-09-02	34	62	15	63	26	14	36	67	10	25	83	59	28	21	31	85	53	16	20	29	16	86	11	29	76	50	48	70	76	67	83	13	39	61	17	01	40	82	44	22	05	20	08	49	13	71	65	80	36	24	69	36	68	13	03
2021-08-31	22	57	32	43	79	01	51	26	19	32	59	35	08	53	10	39	15	66	76	75	38	71	69	88	30	44	04	76	32	77	70	16	64	41	81	25	65	84	63	17	47	32	74	19	73	73	62	17	71	27	77	40	80	89	06
2021-08-28	78	36	23	68	86	58	09	25	53	60	80	47	68	12	52	84	01	73	85	06	64	87	60	83	57	54	14	42	37	41	51	35	30	39	21	30	22	55	51	75	75	73	82	86	36	66	72	19	23	07	62	22	86	18	10
2021-08-26	02	23	12	15	55	75	42	49	36	63	82	49	69	80	68	52	79	44	38	85	09	32	80	35	38	53	54	87	43	26	39	22	05	40	34	59	38	36	41	66	75	26	69	37	32	20	67	88	90	41	30	83	77	29	87
2021-08-24	31	32	78	47	66	72	67	03	47	79	56	32	50	34	77	82	05	73	15	11	07	11	22	53	47	51	39	36	21	90	01	40	14	05	08	11	13	39	69	50	61	87	82	27	21	55	34	03	53	27	24	60	20	35	59
2021-08-21	74	41	15	69	09	11	50	53	70	24	04	79	87	50	56	50	47	72	30	76	56	32	27	16	36	01	71	74	29	06	80	14	84	60	09	28	31	50	88	18	53	15	42	84	71	18	75	56	86	25	19	29	28	86	35
2021-08-19	35	56	53	49	62	02	32	35	79	78	47	17	73	48	46	72	42	27	50	60	20	19	88	03	48	26	27	83	20	32	10	53	76	17	22	39	34	50	59	09	72	39	41	01	50	76	14	82	23	37	83	88	11	68	19
2021-08-17	84	48	30	61	02	48	12	61	54	73	58	73	21	61	49	01	60	39	36	52	32	39	23	83	43	83	48	52	89	54	37	47	55	36	41	42	20	54	26	71	40	52	22	33	13	51	54	70	35	22	40	30	78	08	20
2021-08-14	30	13	67	83	65	25	13	80	30	12	36	72	40	20	82	61	83	59	02	29	36	65	19	61	09	81	33	35	25	84	58	23	90	16	08	15	19	29	63	70	04	58	16	18	59	26	80	90	25	63	07	42	34	86	87
2021-08-12	53	37	86	32	64	15	60	12	63	75	39	29	25	62	56	34	88	02	05	30	71	26	66	74	01	82	42	44	50	65	02	30	10	77	82	81	09	13	47	73	81	06	01	33	58	07	38	56	02	60	29	04	17	49	24
2021-08-10	81	39	66	07	12	31	55	78	34	08	54	20	64	77	81	09	53	31	34	05	61	02	17	66	78	42	64	52	48	86	44	55	19	78	13	25	24	13	15	11	38	54	47	10	65	04	72	52	90	79	04	62	56	45	35
2021-08-07	26	39	68	09	29	89	68	14	47	62	46	23	17	44	47	77	45	66	87	67	47	19	20	79	34	06	70	74	73	86	56	39	45	17	50	48	42	81	59	35	69	31	29	67	30	74	84	15	85	14	57	15	06	43	46
2021-08-05	16	78	19	13	67	24	08	76	11	03	08	75	61	88	60	73	59	07	60	33	83	84	71	08	70	60	32	20	61	66	05	85	51	63	64	46	57	01	10	13	87	51	82	37	67	33	29	40	47	43	07	51	42	81	13
2021-08-03	29	69	52	80	88	20	69	37	90	54	81	12	45	76	58	38	16	15	20	41	01	56	26	67	18	40	89	71	50	32	21	79	32	71	48	50	83	38	73	77	71	27	11	30	42	08	02	25	53	47	55	31	22	41	48
2021-07-31	73	10	19	26	34	32	44	13	79	19	49	60	72	31	80	08	85	70	80	83	54	87	85	46	08	14	60	74	81	17	61	06	42	49	75	82	13	58	65	34	52	04	71	68	13	80	34	30	84	86	18	38	75	68	41
2021-07-29	55	18	78	36	64	14	28	66	39	55	87	03	73	15	24	26	22	28	23	74	23	83	14	72	41	04	15	88	74	86	86	54	45	56	57	24	35	90	25	59	47	40	55	82	18	40	76	63	29	44	65	35	70	64	63
2021-07-27	50	65	72	26	38	32	59	09	87	25	41	44	86	58	11	19	06	42	04	45	10	22	53	12	54	05	10	41	12	58	48	34	07	29	12	31	76	71	58	67	79	26	59	13	57	84	24	59	64	28	72	85	25	28	55
2021-07-24	81	02	42	55	79	61	09	15	74	56	04	05	07	35	37	12	42	13	47	34	23	06	39	12	89	22	80	25	24	41	35	42	25	03	23	78	13	56	45	59	61	04	82	65	05	29	67	83	45	85	47	75	12	31	62
2021-07-22	86	56	14	65	47	59	04	12	64	03	62	74	81	36	48	90	31	20	67	68	65	15	72	33	54	68	79	70	22	72	45	68	38	12	69	10	75	32	59	70	45	66	79	50	38	81	26	09	69	31	77	31	41	58	08
2021-07-20	27	89	07	65	85	32	18	09	01	56	05	03	75	12	90	10	71	51	17	87	38	57	12	52	40	26	28	04	06	45	13	44	39	87	53	50	22	65	41	07	56	02	59	64	66	89	56	70	19	85	11	35	02	30	58
2021-07-17	26	09	78	48	22	70	21	35	73	62	85	74	32	27	21	59	25	63	69	52	43	16	19	88	01	59	42	38	41	02	69	54	81	86	37	36	35	61	58	56	37	49	55	26	78	08	47	03	82	88	88	18	26	01	02
2021-07-15	47	73	44	59	84	04	58	18	37	67	49	59	70	80	64	19	77	83	40	42	50	76	61	38	74	81	38	13	27	09	78	08	04	65	39	85	12	10	09	89	32	17	24	44	06	35	71	76	89	82	88	45	14	33	31
2021-07-13	90	32	45	44	62	14	41	50	12	84	06	31	60	90	46	51	64	70	69	43	84	66	03	75	34	83	41	01	37	19	71	15	73	55	60	65	84	81	64	07	87	42	02	65	74	04	67	62	30	14	38	43	78	20	64
2021-07-10	88	33	11	53	51	18	06	35	41	73	77	54	43	58	20	07	79	27	13	32	23	64	89	65	79	55	72	29	77	25	06	20	60	17	69	71	04	46	66	34	29	73	22	30	46	46	04	25	18	50	60	30	06	82	70
2021-07-08	30	04	62	33	44	12	13	47	63	15	61	20	19	77	29	46	45	21	69	07	17	73	34	48	81	59	52	22	50	46	25	03	19	20	75	80	04	56	03	30	74	78	10	32	47	46	66	74	30	44	45	78	07	57	42
2021-07-06	80	18	70	39	65	21	50	07	42	76	53	75	15	86	27	10	88	66	30	32	16	43	09	42	21	77	29	75	42	67	07	36	40	86	71	20	37	16	25	68	46	05	03	22	74	48	17	34	01	70	60	49	27	88	46
2021-07-03	11	80	24	90	81	12	19	24	09	66	07	86	63	06	11	24	38	76	80	37	68	80	29	23	41	61	39	68	07	01	28	17	83	71	50	34	21	45	72	85	15	11	13	82	43	60	39	71	87	50	23	66	06	07	82
2021-07-01	81	85	48	86	38	36	27	25	69	84	35	36	70	18	15	31	09	04	58	21	38	49	39	29	40	35	31	61	04	05	67	15	12	41	45	70	15	59	55	78	84	42	69	34	73	28	59	52	11	76	47	60	66	31	28
2021-06-29	83	51	84	34	05	83	31	27	55	52	84	09	44	08	66	29	04	84	52	40	80	50	76	26	06	49	85	82	14	76	25	41	47	48	55	02	83	35	27	82	09	30	04	16	53	06	15	46	47	27	42	31	70	66	51
2021-06-26	27	69	03	01	12	51	47	16	18	22	45	63	55	38	85	15	59	33	83	44	63	58	86	34	45	81	52	89	12	20	24	69	08	27	01	86	14	58	78	19	44	51	36	14	20	06	76	24	11	54	03	38	73	10	49
2021-06-24	43	50	77	49	59	86	42	69	70	65	36	33	56	15	06	12	57	05	58	78	13	66	89	55	10	87	61	26	13	15	08	77	44	73	45	23	25	86	48	76	22	51	81	03	10	37	59	79	90	42	19	77	66	72	82
2021-06-22	38	69	47	22	46	84	37	09	20	05	65	83	01	08	46	44	41	67	54	77	05	78	84	60	89	88	32	53	54	86	03	31	67	21	07	13	86	02	24	83	45	64	89	07	74	63	64	21	27	53	02	17	19	70	41
2021-06-19	07	21	15	54	27	25	02	28	72	53	68	83	46	61	15	54	24	45	75	53	36	13	58	01	50	27	88	02	90	51	39	02	52	20	59	45	80	41	15	33	44	21	86	10	69	48	21	36	58	37	52	86	75	09	69
2021-06-17	27	38	71	15	84	68	28	19	22	76	20	18	40	45	12	15	70	56	29	16	38	63	77	12	33	27	74	63	36	90	75	80	10	66	74	12	80	53	37	29	07	71	47	82	75	74	42	85	78	47	07	18	17	31	47
2021-06-15	88	81	53	41	90	02	56	59	09	11	13	77	62	12	31	28	44	06	85	10	08	53	01	75	18	89	14	60	11	16	09	38	50	03	79	66	71	24	62	36	58	81	17	60	18	83	30	13	06	66	37	27	30	87	65
2021-06-12	70	15	03	11	34	28	25	02	05	37	79	69	31	52	40	57	07	50	41	30	24	44	71	60	38	72	39	62	85	35	81	86	01	04	89	18	29	41	82	83	55	27	36	16	73	50	61	38	72	07	42	25	60	51	61
2021-06-10	72	06	63	79	86	56	02	43	30	78	87	82	63	17	51	20	05	03	44	59	19	78	38	33	82	16	30	62	77	36	04	66	33	30	61	88	82	60	32	69	61	60	67	51	04	25	14	35	74	54	57	84	15	58	47
2021-06-08	47	06	11	33	41	34	77	52	20	70	49	66	87	27	39	64	50	55	35	76	38	21	89	48	16	34	73	40	22	53	36	53	72	19	84	06	07	42	17	63	31	58	24	62	47	65	20	89	44	66	13	55	44	20	61
2021-06-05	86	51	57	79	65	65	89	46	54	68	82	06	80	10	84	70	15	60	28	64	04	85	78	83	68	38	29	06	25	11	65	23	63	06	49	52	49	30	18	84	55	42	10	85	11	73	71	23	49	88	62	71	54	02	67
2021-06-03	22	86	81	65	75	59	74	20	28	55	79	81	32	12	23	79	04	54	83	76	89	49	34	53	48	51	80	57	38	27	74	07	49	32	90	12	90	32	50	67	04	46	90	40	80	14	79	12	36	52	87	77	41	76	48
2021-06-01	60	46	72	47	09	67	70	53	48	05	67	19	35	36	66	64	72	55	87	89	52	89	50	01	75	36	19	13	04	77	88	64	22	72	77	55	47	11	89	03	58	86	12	69	11	29	47	34	76	69	48	75	31	03	43
2021-05-29	13	29	37	63	53	56	28	61	55	82	86	73	69	35	09	43	18	52	03	81	77	33	59	88	54	54	71	38	22	65	69	67	82	06	40	77	55	68	49	18	73	54	86	52	35	85	10	81	54	53	15	71	12	21	74
2021-05-27	38	07	87	03	66	75	31	56	32	72	76	83	09	82	52	74	61	70	05	83	27	06	41	13	88	65	12	67	90	72	22	43	14	58	51	69	62	16	60	55	85	89	72	14	25	52	73	81	76	20	51	06	12	46	41
2021-05-25	75	43	01	56	31	27	50	80	39	11	16	32	52	40	81	85	65	54	90	30	39	18	66	52	12	14	09	75	07	28	70	16	69	50	36	27	05	01	12	08	26	46	02	06	31	82	68	63	37	47	45	08	26	35	05
2021-05-22	38	81	12	87	34	71	39	63	35	56	20	28	29	76	72	57	83	18	55	62	29	65	56	45	13	07	59	19	48	73	59	34	62	49	40	90	49	80	79	20	02	68	45	34	42	53	60	87	06	23	86	69	74	85	26
2021-05-20	18	28	45	62	58	57	88	70	15	87	86	30	05	58	52	09	81	05	20	35	67	47	52	13	05	11	56	37	03	84	51	71	10	25	60	07	71	90	35	77	67	58	31	29	04	19	35	55	05	63	30	70	61	07	04
2021-05-18	29	19	46	72	23	49	87	14	85	82	33	07	63	13	44	88	32	40	77	21	70	59	85	62	80	42	19	01	28	24	90	79	26	39	48	79	47	77	17	71	17	08	50	74	87	04	49	63	10	85	83	75	13	44	25
2021-05-15	88	08	23	43	03	60	04	47	24	82	38	41	44	79	86	26	62	27	69	85	60	29	33	15	80	86	01	90	58	02	72	33	57	21	51	75	39	89	88	40	41	28	84	30	80	67	06	28	18	13	64	80	35	26	32
2021-05-13	23	13	56	09	71	70	73	05	08	66	58	17	47	64	22	68	43	09	02	19	32	38	89	47	80	53	29	42	44	47	79	20	54	15	90	50	38	72	41	26	56	18	27	75	41	62	76	41	63	44	90	24	38	37	55
2021-05-11	77	67	73	28	63	19	90	43	50	31	31	06	41	47	56	38	86	53	26	10	59	54	68	86	18	20	85	57	49	37	74	11	17	63	55	60	33	28	51	15	73	65	35	82	36	71	76	28	53	59	04	84	70	31	15
2021-05-08	68	05	34	17	43	58	67	04	53	82	35	25	09	60	03	30	52	41	78	83	65	37	45	70	42	45	22	88	25	75	53	18	58	16	07	42	36	88	67	59	25	13	20	77	30	46	35	11	17	14	28	27	57	25	42
2021-05-06	29	63	52	60	85	81	01	26	41	70	12	38	33	57	36	29	38	79	37	66	78	44	32	66	75	50	43	15	29	16	72	70	05	53	50	01	69	57	36	47	26	69	63	68	42	87	71	31	79	11	27	18	39	61	86
2021-05-04	30	10	84	47	64	17	25	88	85	63	81	15	86	80	11	67	37	23	24	64	53	87	28	03	48	53	79	77	76	83	21	26	04	65	76	31	06	65	40	62	82	87	21	53	79	88	58	75	15	83	63	90	05	11	68
2021-05-03	42	57	78	18	43	17	52	50	63	38	70	21	50	05	02	23	26	62	83	86	36	12	76	57	08	57	83	30	56	63	66	49	40	87	28	63	49	83	58	59	04	03	79	68	51	50	29	02	89	11	47	76	05	19	62
2021-04-29	87	52	49	10	51	69	67	76	66	24	30	43	10	57	66	37	80	57	35	26	18	03	76	16	24	30	46	73	69	18	71	17	14	63	82	28	89	10	09	86	28	06	61	81	54	20	68	28	88	45	89	84	34	80	73
2021-04-27	36	50	56	73	41	04	34	67	32	46	32	70	40	33	22	63	47	71	21	38	80	07	62	55	88	03	75	20	12	29	70	64	35	34	54	25	89	14	51	77	87	74	73	47	60	08	84	09	10	02	23	83	01	89	17
2021-04-24	35	10	18	76	54	65	71	26	05	31	80	90	07	20	61	82	80	57	61	54	50	67	16	28	09	47	77	36	68	66	10	71	73	83	43	60	78	49	58	82	71	81	46	44	23	60	09	90	56	86	36	64	35	57	17
2021-04-22	60	21	02	08	47	61	19	59	69	56	66	03	75	21	51	02	73	76	06	15	70	05	32	64	84	23	26	24	08	29	32	68	73	48	30	50	61	67	24	70	01	28	26	67	71	23	86	54	45	90	15	40	12	29	46
2021-04-20	48	04	61	77	26	72	80	64	55	30	34	87	46	04	28	47	35	52	89	18	84	56	20	07	05	89	08	10	69	77	28	43	75	23	10	50	57	21	69	17	39	43	66	41	85	21	07	48	12	80	81	72	39	18	37
2021-04-17	59	61	41	04	32	10	68	19	11	85	41	01	13	73	47	44	30	39	88	90	67	88	33	13	32	44	41	79	80	66	15	59	04	31	21	46	68	56	78	58	09	15	84	17	32	81	04	84	42	35	52	16	63	62	46
2021-04-15	26	57	56	51	06	73	76	88	52	15	29	15	72	63	84	60	90	46	24	42	26	40	75	03	55	06	79	84	89	73	01	14	42	54	68	34	37	04	30	65	76	90	41	17	40	27	04	25	51	37	17	30	07	24	49
2021-04-13	51	83	12	48	64	07	47	19	78	34	35	75	02	12	46	36	48	67	77	87	68	49	15	79	73	32	39	60	78	66	22	75	25	78	82	42	49	90	27	84	15	85	78	24	44	01	22	82	55	61	90	38	27	86	55
2021-04-10	56	82	66	18	11	49	20	83	38	22	36	68	83	66	32	42	34	85	17	26	53	17	14	80	60	70	85	57	81	90	82	43	89	85	52	30	43	02	61	80	51	55	89	81	23	70	29	54	32	27	50	21	69	43	73
2021-04-08	24	19	57	21	42	81	32	60	28	54	86	77	81	12	75	01	31	78	45	72	45	46	57	03	49	48	07	56	69	01	11	56	12	61	75	34	74	13	53	33	80	68	23	88	19	76	34	78	28	90	45	69	76	54	06
2021-04-06	53	28	38	56	87	51	75	21	39	41	19	08	22	86	48	80	40	02	24	72	77	21	14	27	11	55	41	42	59	77	05	82	84	29	28	59	41	79	24	84	68	74	29	25	73	01	21	44	11	40	86	12	89	62	15
2021-04-03	15	78	49	19	12	05	87	25	71	39	35	13	51	01	21	40	44	33	62	10	15	44	73	63	65	31	41	86	29	77	75	40	18	27	03	51	10	37	59	38	23	17	56	04	37	38	24	39	89	15	50	40	84	73	38
2021-04-01	30	50	89	51	31	58	47	89	23	70	10	57	09	40	33	30	74	70	36	08	89	80	56	53	43	21	47	27	88	58	61	51	45	18	23	33	32	15	44	55	09	78	24	53	86	78	33	79	56	53	68	10	86	70	43
2021-03-30	72	61	88	09	86	47	50	12	75	40	14	13	62	69	43	21	66	55	68	14	18	23	37	10	35	59	80	64	26	27	67	39	24	21	58	83	05	50	68	13	05	31	02	25	27	56	41	08	43	39	53	75	56	58	02
2021-03-27	02	66	86	76	79	42	26	15	68	53	35	49	16	02	17	45	01	51	65	78	83	80	40	30	31	15	72	29	71	38	65	52	77	12	36	20	14	22	23	72	01	20	15	68	70	14	48	84	80	60	55	24	25	03	01
2021-03-25	55	50	56	46	52	29	70	02	33	19	18	87	62	50	21	49	40	74	87	07	01	54	09	52	88	54	65	35	25	15	81	56	45	76	78	63	51	49	31	62	82	13	23	63	62	46	80	69	14	29	16	10	38	72	46
2021-03-23	15	53	52	55	12	48	39	84	01	74	69	39	03	13	82	75	79	26	42	01	17	61	70	38	25	40	13	60	59	73	64	65	87	05	34	43	84	14	80	37	68	53	07	32	45	03	54	77	04	85	64	90	21	67	49
2021-03-20	55	11	84	76	72	57	16	44	87	63	70	90	83	17	80	37	78	26	41	70	58	81	24	25	13	13	79	76	46	17	82	07	04	30	35	37	73	34	47	36	72	23	13	81	18	67	15	47	48	43	07	08	52	28	27
2021-03-18	12	48	59	32	88	64	50	03	62	76	22	23	85	18	07	33	57	10	39	14	13	49	10	27	14	05	64	46	09	32	70	43	85	13	50	52	60	85	54	69	74	10	12	29	30	15	50	30	70	63	78	68	07	26	28
2021-03-16	51	46	32	47	50	85	09	41	50	23	53	29	45	18	64	36	27	39	25	04	25	51	20	63	50	42	81	09	05	78	26	84	29	10	34	56	25	81	52	89	29	04	58	33	79	69	65	71	30	83	27	86	45	53	81
2021-03-13	29	56	77	74	31	60	59	29	89	63	69	57	42	71	21	26	63	32	71	59	26	66	06	55	60	63	79	42	32	81	03	30	13	12	11	71	44	13	06	48	56	58	37	18	24	03	49	65	05	70	45	31	08	56	51
2021-03-11	78	53	71	66	50	27	51	25	80	55	02	37	18	41	47	32	77	84	86	16	58	76	79	36	39	61	90	81	03	35	54	56	35	64	07	77	23	44	63	24	44	03	40	38	69	26	34	48	54	21	17	11	65	08	13
2021-03-09	57	15	66	90	12	71	90	12	72	38	63	02	22	40	10	28	62	52	46	89	41	02	04	84	35	86	44	77	68	02	86	30	67	74	87	63	11	62	44	26	13	42	39	34	51	49	29	80	51	59	75	44	37	71	90
2021-03-06	80	51	06	35	76	17	84	66	64	67	18	83	51	04	64	45	39	62	67	11	15	51	70	21	48	73	10	04	54	03	59	41	83	21	22	07	56	66	15	24	51	46	19	18	01	04	73	38	36	13	38	11	44	31	17
2021-03-04	24	23	64	69	25	81	36	90	73	47	04	48	63	14	42	45	69	89	81	50	36	44	39	10	23	31	14	50	30	23	13	74	37	09	79	54	14	23	70	40	06	35	55	39	20	69	01	34	89	77	15	24	31	80	13
2021-03-02	74	86	47	24	75	61	25	88	49	60	05	46	65	22	01	48	69	78	67	64	15	42	08	44	35	06	67	37	30	09	17	11	20	46	89	73	25	66	01	74	37	04	33	05	88	60	75	53	70	11	28	64	11	75	88
2021-02-27	17	75	30	79	64	85	30	22	73	55	44	75	83	32	26	14	47	72	89	82	37	20	87	78	38	56	39	72	21	50	45	64	06	38	17	13	47	43	39	10	63	34	60	64	58	01	07	04	65	44	34	72	32	89	73
2021-02-25	17	74	14	27	05	45	35	88	47	48	58	42	19	03	88	42	52	19	01	51	31	54	70	34	61	48	47	77	17	40	26	30	23	69	03	52	83	82	17	16	62	85	88	40	43	26	68	39	63	42	53	40	89	33	47
2021-02-23	42	65	37	02	23	31	72	86	37	33	86	84	68	42	71	01	89	70	42	20	20	18	88	65	87	16	11	48	38	69	81	34	65	68	59	43	50	79	72	89	41	86	18	31	87	13	53	37	49	60	55	71	68	09	87
2021-02-20	58	87	55	79	71	61	80	41	01	64	10	37	82	17	63	24	01	54	67	69	74	73	35	43	23	09	04	39	81	38	90	68	10	29	13	34	69	21	54	27	57	58	67	21	70	67	29	70	56	83	90	84	12	01	13
2021-02-18	81	20	56	41	65	64	85	90	71	48	41	90	78	63	40	40	45	26	76	89	72	38	07	83	47	54	74	12	31	25	03	71	57	74	10	47	58	12	34	07	79	39	83	65	89	39	23	42	78	82	54	17	12	62	61
2021-02-16	45	70	52	19	33	65	10	07	56	34	45	85	46	49	90	81	50	31	15	56	14	50	22	63	78	41	31	83	49	29	32	11	63	04	45	90	37	61	15	44	11	14	51	15	58	84	85	52	53	56	34	36	55	44	68
2021-02-13	86	81	70	77	08	31	48	66	68	89	86	21	17	45	25	78	66	77	16	63	01	45	29	15	09	89	38	01	66	46	16	75	79	43	49	61	49	11	56	74	71	42	15	76	85	34	18	14	31	29	16	47	27	71	04
2021-02-11	42	28	49	67	33	16	80	54	39	32	67	31	75	74	29	43	87	29	46	24	48	38	85	41	59	05	57	37	15	61	26	39	48	04	05	05	21	27	17	66	76	83	20	22	13	30	51	13	23	67	05	49	29	54	83
2021-02-09	13	11	88	20	64	65	27	07	51	26	06	63	64	35	44	26	27	76	11	72	53	43	86	02	50	15	01	05	60	75	04	85	60	57	63	77	79	10	18	72	17	74	66	12	30	64	23	32	72	66	16	10	68	12	55
2021-02-06	28	22	88	83	70	35	07	52	72	77	19	25	58	65	35	31	52	87	27	71	32	22	27	14	28	75	19	28	80	62	36	78	82	86	45	68	50	73	11	67	26	36	53	52	21	49	61	02	12	47	62	27	05	57	19
2021-02-04	46	02	84	50	61	62	77	61	43	76	29	45	13	09	46	30	70	79	08	39	85	68	11	62	40	77	60	46	71	25	78	77	17	18	90	18	04	12	87	76	24	06	51	82	89	63	69	45	07	30	08	35	63	57	84
2021-02-02	38	87	12	59	01	62	21	77	41	28	77	89	27	62	26	20	10	87	13	28	76	68	56	04	82	22	31	09	82	49	48	54	06	55	27	72	09	52	31	41	25	21	69	74	46	10	06	54	51	75	16	71	09	85	89
2021-01-30	40	27	73	30	67	37	79	01	44	03	05	54	82	63	81	53	49	28	70	56	10	84	47	81	44	48	54	37	44	84	30	06	65	32	78	64	74	60	86	18	63	05	23	85	21	36	83	04	21	50	61	52	63	15	41
2021-01-28	52	41	05	39	51	84	03	32	41	45	79	53	77	47	38	22	87	63	24	88	29	80	04	02	28	81	38	82	17	89	62	81	58	60	33	68	26	66	27	28	43	67	42	30	07	11	17	57	83	04	61	37	69	26	82
2021-01-26	21	55	01	42	88	75	28	81	06	88	53	63	35	90	83	03	64	78	66	60	31	48	47	08	37	87	65	76	42	54	85	64	66	20	78	61	31	45	60	20	35	83	53	81	11	17	26	45	77	61	13	49	82	80	47
2021-01-23	53	48	56	25	03	77	09	19	18	56	69	46	88	53	22	22	49	74	62	55	07	20	30	51	33	29	35	79	04	65	07	72	47	44	79	62	17	46	47	33	56	29	25	09	67	53	17	26	19	04	69	42	25	41	52
2021-01-21	18	43	19	69	15	17	27	61	09	76	69	63	81	26	61	89	36	07	81	66	39	82	74	12	40	07	53	05	73	88	27	58	08	52	19	17	38	39	40	29	66	90	17	74	29	08	12	88	40	87	71	21	54	79	77
2021-01-19	82	32	35	54	87	19	27	10	60	86	58	65	62	37	90	56	35	87	06	59	29	68	45	15	70	47	26	05	81	52	15	85	84	20	65	83	64	75	36	78	07	59	68	44	61	79	22	80	83	17	69	38	23	16	52
2021-01-16	20	01	13	06	50	42	34	14	21	44	63	46	80	04	05	84	38	72	89	90	83	90	45	54	27	58	45	68	44	04	42	86	57	71	45	51	46	08	18	90	90	76	28	26	07	38	80	73	01	21	73	38	04	23	64
2021-01-14	09	40	47	26	49	34	64	43	78	31	45	32	17	65	37	65	10	81	28	29	59	46	84	58	03	84	41	81	25	04	20	58	29	09	69	56	73	61	64	03	19	01	06	34	39	08	85	30	45	83	65	71	45	73	35
2021-01-12	90	85	78	75	64	15	82	13	17	79	36	88	14	05	11	84	51	20	38	71	50	06	84	72	25	33	16	13	53	56	20	49	44	30	78	28	21	05	90	88	42	47	36	15	53	22	38	02	43	75	36	38	87	40	58
2021-01-09	25	87	48	88	08	53	59	47	24	67	76	42	84	61	85	06	67	51	85	55	79	03	29	30	68	04	53	07	83	19	28	12	25	49	71	69	05	29	86	68	23	45	60	58	43	86	68	34	50	73	87	45	03	04	51
2021-01-07	47	05	59	07	41	07	01	68	30	84	28	84	59	50	70	52	10	60	65	76	69	47	04	07	33	80	55	26	90	63	08	22	09	23	17	71	04	31	13	87	72	82	18	07	67	51	48	35	24	64	83	07	35	48	57
2021-01-05	24	37	69	26	35	15	79	12	16	52	47	30	33	18	06	41	18	40	25	39	14	40	01	08	19	27	33	26	80	41	26	83	15	77	50	34	24	25	18	90	85	03	79	50	84	39	58	71	37	30	46	65	78	11	79
2021-01-02	36	62	47	72	85	07	21	63	75	50	83	21	53	63	56	65	10	27	20	82	14	55	76	80	65	78	36	48	60	84	48	42	75	47	78	33	71	46	63	89	78	66	42	82	54	38	55	69	70	83	23	15	46	85	83
Gioco del Lotto Archivio estrazioni e statistiche (2022)
DATE	Bari					Cagliari					Firenze					Genova					Milano					Napoli					Palermo					Roma					Torino					Venezia					Nazionale
2022-12-27	35	13	41	12	21	55	62	54	24	08	83	05	85	27	32	09	67	47	66	73	05	54	57	02	52	05	40	65	12	49	61	32	89	17	31	50	78	66	39	22	26	34	53	35	57	34	85	88	01	58	47	05	62	27	01
2022-12-24	42	46	39	44	01	51	08	46	24	54	67	30	82	08	32	62	28	46	08	67	04	07	77	68	09	12	80	69	02	67	70	50	71	52	26	70	62	03	66	76	08	56	20	85	86	64	11	33	53	68	50	60	84	68	26
2022-12-22	18	42	26	13	89	27	50	28	12	26	21	68	16	81	07	89	68	66	75	82	73	17	52	07	65	53	69	04	08	15	33	58	47	53	54	82	74	52	05	07	14	39	41	31	69	59	46	50	77	55	42	36	07	85	18
2022-12-20	11	25	64	06	04	27	25	54	67	84	89	66	05	11	74	78	27	45	69	11	45	07	13	25	71	46	23	29	81	87	86	02	10	51	62	34	24	25	41	13	60	85	12	11	28	39	03	15	42	31	12	38	40	56	02
2022-12-17	74	15	59	31	77	40	23	39	46	61	15	26	84	72	69	07	20	73	80	52	38	37	66	90	28	08	82	59	26	38	86	29	78	84	20	73	45	65	21	86	89	54	12	63	25	63	45	81	34	58	74	22	62	66	33
2022-12-15	84	79	82	36	63	31	50	45	44	58	48	44	25	31	85	15	20	21	22	41	45	13	15	68	36	83	57	43	18	23	77	51	40	87	56	86	84	36	20	49	71	57	11	14	20	87	56	23	49	53	06	01	68	70	77
2022-12-13	09	43	57	70	80	42	77	59	29	34	37	17	01	64	20	90	71	06	22	23	36	84	51	23	30	52	10	87	24	20	14	73	11	87	44	28	66	65	64	56	89	72	19	26	06	45	35	36	66	08	88	15	75	09	12
2022-12-10	62	67	70	89	74	90	37	08	41	55	54	64	76	28	59	07	49	04	36	11	17	21	30	80	72	51	28	81	83	59	25	40	55	14	06	39	75	12	88	83	87	43	17	18	08	54	82	85	12	08	02	81	80	83	33
2022-12-09	38	11	74	15	72	47	78	90	02	59	63	11	86	48	89	44	55	06	54	65	61	86	40	81	70	40	59	52	45	06	41	27	89	29	76	16	08	02	36	86	14	68	71	47	42	83	75	86	71	58	30	37	46	49	01
2022-12-06	36	74	22	54	80	65	36	47	27	06	57	76	30	79	77	66	90	63	24	70	65	80	33	69	36	72	28	16	66	29	41	72	50	18	10	79	28	44	37	34	32	54	07	87	88	22	11	72	49	30	39	74	61	81	45
2022-12-03	21	01	70	90	81	63	58	54	32	18	66	77	04	29	37	89	50	67	68	27	78	49	64	58	89	79	06	22	77	25	39	64	65	10	71	09	39	31	54	58	41	37	88	33	61	43	40	58	66	23	38	23	65	66	60
2022-12-01	74	30	07	16	48	15	23	22	60	02	21	53	40	16	17	10	86	75	56	37	15	49	61	38	14	78	35	31	88	27	10	63	06	13	76	48	59	60	10	35	06	22	81	27	09	70	72	47	68	22	31	26	27	42	53
2022-11-29	30	62	81	31	71	83	15	57	09	26	37	77	12	59	79	68	67	32	84	75	74	10	08	72	62	36	20	68	46	71	61	46	40	69	81	49	71	57	73	61	23	52	05	17	27	50	05	01	62	35	37	51	74	63	20
2022-11-26	34	40	63	20	10	10	42	48	51	02	40	51	80	25	88	87	10	44	26	55	08	10	68	44	48	70	85	76	69	34	33	86	49	04	57	54	57	71	33	43	43	66	87	17	72	39	07	37	76	55	04	59	50	18	08
2022-11-24	11	40	88	76	23	41	50	57	28	56	70	87	45	59	07	25	51	44	85	40	69	19	85	03	57	17	76	61	44	54	03	07	68	39	25	75	80	28	42	30	85	41	51	31	55	25	14	63	74	77	42	32	87	59	08
2022-11-22	85	24	10	29	59	34	01	76	21	55	69	45	43	34	11	79	86	02	52	37	22	44	24	09	20	14	31	16	56	41	90	82	11	86	69	62	71	53	18	02	51	43	32	07	70	49	17	24	46	02	80	50	32	76	64
2022-11-19	74	16	60	71	72	80	01	55	74	33	32	84	70	08	13	55	80	73	53	36	88	40	33	52	48	73	43	04	07	61	66	75	89	26	43	59	90	54	17	58	23	22	73	61	40	75	28	89	76	67	06	05	47	63	37
2022-11-17	20	22	71	49	30	04	33	66	27	85	61	83	84	50	21	43	70	11	76	38	61	26	71	80	67	74	71	41	66	07	55	43	44	24	04	57	49	27	90	19	08	38	62	37	51	57	14	29	69	44	88	26	72	18	75
2022-11-15	62	37	13	74	54	24	35	45	23	48	80	31	64	44	16	56	78	32	90	02	22	47	60	40	89	08	15	19	57	27	62	80	39	83	82	40	77	56	50	54	84	43	89	22	16	11	01	68	16	31	26	72	77	66	45
2022-11-12	75	26	11	74	12	05	57	85	39	23	24	04	12	78	45	84	30	05	27	59	05	10	64	82	16	18	80	49	78	81	86	20	60	11	78	46	15	02	09	62	72	70	67	16	04	39	01	24	48	15	26	33	17	81	38
2022-11-10	43	01	65	76	40	90	27	04	71	62	64	18	05	37	01	65	33	43	54	82	67	55	84	43	79	55	61	03	64	28	44	48	67	31	35	27	70	14	15	36	71	48	41	13	84	80	77	43	53	03	86	49	30	70	65
2022-11-08	03	17	30	15	02	21	41	81	16	44	23	74	12	09	67	25	58	16	15	06	07	79	87	13	08	64	58	56	02	06	13	69	41	37	27	11	07	65	73	17	84	08	46	14	43	73	68	10	56	14	89	33	23	70	80
2022-11-05	84	18	65	71	67	28	61	90	75	27	41	52	67	44	50	57	51	90	88	54	23	89	09	60	13	10	28	33	25	43	38	50	28	44	09	32	45	07	16	58	19	39	68	29	07	17	09	71	76	23	32	02	82	86	18
2022-11-03	23	43	41	17	18	56	52	39	75	81	14	58	45	39	43	07	11	53	76	34	77	10	42	18	53	46	26	37	39	03	54	30	33	78	32	59	60	34	13	49	63	02	08	68	16	65	34	35	46	42	30	13	32	38	17
2022-11-02	66	20	09	24	82	60	64	22	26	84	10	30	75	68	48	30	40	57	59	37	56	07	89	57	76	68	09	77	03	32	60	57	32	80	24	24	77	53	62	29	04	05	35	82	66	13	02	28	54	76	83	06	40	61	78
2022-10-29	79	26	72	37	34	38	19	69	55	13	02	70	50	39	06	17	45	11	55	05	12	90	63	84	01	86	14	45	37	66	87	88	81	76	03	08	10	87	82	58	40	27	43	05	04	77	90	72	48	22	03	09	10	39	27
2022-10-27	05	60	31	76	75	33	53	06	67	57	87	90	35	77	25	13	56	22	63	55	53	17	79	51	43	88	64	54	31	27	82	88	61	31	32	63	78	32	12	49	46	57	29	75	37	56	86	34	75	48	84	36	24	49	71
2022-10-25	71	77	68	65	66	02	06	90	49	81	69	42	09	86	22	68	23	03	52	39	66	20	22	35	90	06	81	61	29	70	87	58	18	61	80	32	24	40	21	84	37	38	62	73	41	24	79	42	08	39	49	25	43	40	39
2022-10-22	24	79	23	59	40	07	24	46	19	49	11	44	71	65	73	20	03	29	02	21	34	80	21	20	33	71	65	43	44	90	05	79	23	66	29	27	53	36	01	06	87	39	05	51	60	05	37	18	69	77	71	87	59	34	44
2022-10-20	23	89	28	82	73	81	31	87	70	27	51	23	38	41	03	67	58	23	10	03	54	38	12	20	83	18	53	74	55	31	81	73	09	55	62	85	34	13	09	07	79	45	58	08	65	78	18	76	41	29	85	09	68	41	01
2022-10-18	02	29	30	44	11	37	81	35	42	05	10	86	14	07	60	67	88	70	41	58	30	47	39	37	77	37	72	67	41	25	70	63	22	77	02	32	83	87	37	30	56	39	63	58	14	42	80	17	12	30	46	61	03	76	22
2022-10-15	23	39	14	04	72	47	45	31	55	84	25	21	06	65	54	90	83	36	75	50	38	50	28	68	53	05	48	29	35	07	30	07	62	58	48	83	44	86	53	18	64	51	87	52	11	06	39	07	86	56	13	53	46	68	23
2022-10-13	75	15	67	54	52	57	61	59	65	31	27	66	73	02	46	41	05	25	74	37	03	44	68	22	18	52	01	28	89	26	69	61	05	77	29	24	06	71	61	26	27	15	82	01	80	06	60	75	22	64	14	35	16	42	21
2022-10-11	79	39	20	51	52	38	56	34	66	60	39	84	36	51	85	49	69	21	10	16	21	03	10	89	64	27	09	73	18	78	36	08	63	21	64	47	24	78	81	53	28	22	08	71	23	62	84	15	10	87	23	61	38	36	07
2022-10-08	85	51	66	45	04	11	64	72	12	58	01	31	14	05	02	01	05	58	82	38	28	36	24	19	31	63	61	84	67	17	64	68	36	13	32	76	89	41	88	74	60	36	72	12	34	48	54	26	31	89	31	67	56	83	87
2022-10-06	29	02	03	27	11	89	59	08	46	45	11	89	84	08	14	76	64	09	83	58	49	01	09	70	10	56	19	62	12	68	23	75	51	53	48	82	89	80	14	54	84	12	09	46	87	53	04	60	28	07	47	04	22	08	01
2022-10-04	38	84	22	32	04	32	53	59	34	48	44	30	72	25	50	52	77	12	56	05	16	27	53	55	32	25	69	30	33	45	36	25	77	07	30	68	43	87	19	86	41	87	14	18	45	18	71	09	73	57	10	28	70	52	24
2022-10-01	67	36	58	68	33	05	73	86	24	53	46	38	58	55	19	67	79	27	39	70	03	64	16	36	27	76	53	48	51	58	37	44	56	77	29	65	54	89	37	27	35	31	24	53	06	31	05	82	37	45	32	82	49	88	43
2022-09-29	80	35	90	49	65	21	80	03	20	64	73	44	01	77	05	88	89	20	27	63	26	69	41	16	35	61	40	38	62	80	70	60	34	82	64	45	07	90	83	01	89	09	16	42	38	50	56	58	11	44	86	62	67	16	57
2022-09-27	41	88	05	22	37	24	65	68	83	79	65	38	66	68	03	04	33	07	46	11	33	89	13	19	09	48	57	03	14	32	65	29	48	90	47	86	33	28	52	26	19	26	88	34	37	64	14	76	79	18	50	52	56	66	75
2022-09-24	25	47	35	20	09	50	29	19	62	86	56	20	19	42	78	83	51	36	52	31	61	49	90	74	26	12	52	49	26	14	28	18	30	68	81	49	15	13	87	39	03	18	41	83	64	88	50	33	87	43	23	80	17	79	08
2022-09-22	63	73	51	16	58	70	01	77	53	67	06	16	30	72	05	14	66	11	10	80	65	66	21	39	04	46	17	66	22	88	38	56	46	19	80	88	27	25	48	04	09	02	61	60	08	86	47	57	36	42	10	46	08	55	22
2022-09-20	84	80	26	24	88	42	75	05	82	58	53	23	79	61	38	43	70	15	77	17	73	43	81	38	85	46	29	68	20	17	17	31	80	21	89	04	67	05	17	07	19	35	45	24	89	23	18	02	04	11	18	74	32	04	45
2022-09-17	17	32	47	24	63	62	58	19	38	30	76	62	77	04	07	48	79	27	60	55	43	27	06	51	52	63	26	71	33	46	25	65	54	15	30	79	42	85	12	37	54	70	85	21	79	57	73	78	46	70	17	82	12	33	58
2022-09-15	20	83	78	02	38	51	74	21	25	38	13	59	32	46	90	03	46	69	66	10	24	86	68	02	17	83	31	07	56	15	72	86	05	42	14	70	06	22	86	47	04	56	41	69	20	41	42	75	61	69	20	46	81	40	60
2022-09-13	09	21	14	34	76	25	05	52	33	28	11	85	17	83	56	19	22	45	90	75	68	05	74	16	17	53	43	83	21	52	10	55	69	19	08	24	18	26	45	51	18	53	01	27	08	77	18	03	82	78	47	54	76	51	26
2022-09-10	16	78	17	10	89	67	85	37	31	23	83	22	62	56	42	81	18	49	08	10	47	53	70	08	79	26	22	36	55	28	60	30	47	26	13	69	74	47	49	90	02	39	81	05	10	07	69	34	53	63	85	18	77	05	57
2022-09-08	43	22	82	80	17	22	59	29	10	79	60	43	72	01	22	02	51	81	67	90	34	63	32	81	24	18	06	68	19	59	59	54	77	60	55	53	82	56	10	89	44	03	43	18	78	86	67	74	02	34	88	12	44	26	23
2022-09-06	80	82	09	26	03	79	49	72	35	01	11	73	52	17	67	39	72	42	33	31	38	19	61	29	86	17	64	52	34	26	41	82	22	72	10	39	68	34	26	59	90	64	38	40	78	71	17	82	12	28	85	67	84	78	54
2022-09-03	71	69	26	09	37	45	73	90	35	03	83	66	63	10	47	29	28	45	43	50	66	08	69	17	33	70	37	45	58	27	70	58	66	57	13	18	88	27	53	10	17	71	21	09	01	38	69	75	87	29	53	18	24	63	39
2022-09-01	37	90	13	07	58	50	01	67	55	76	09	29	33	65	30	86	63	75	60	88	89	48	26	03	85	77	59	89	06	19	64	31	16	04	34	67	76	64	77	18	44	08	88	28	67	61	74	38	49	75	11	10	14	65	20
2022-08-30	01	02	09	56	48	19	35	56	10	30	61	30	59	66	74	08	82	20	25	17	18	52	22	10	01	14	20	41	16	67	42	43	70	74	01	13	77	46	21	47	18	36	38	59	89	83	81	46	41	30	70	30	54	57	32
2022-08-27	08	46	42	75	55	66	26	65	47	23	28	54	17	86	62	52	88	55	10	76	47	07	44	15	25	05	03	09	61	26	69	07	10	23	41	81	21	50	33	13	69	07	37	80	38	63	40	20	87	04	38	34	17	89	85
2022-08-25	53	34	65	49	39	29	73	31	20	07	34	15	44	43	29	06	74	35	85	88	16	38	43	86	90	71	47	30	68	26	37	44	40	84	19	30	72	81	51	87	58	37	27	54	25	26	01	28	15	61	57	59	07	43	65
2022-08-23	30	74	20	34	82	31	42	74	57	80	53	20	32	28	80	01	11	40	60	63	50	43	45	69	10	20	11	81	15	84	87	35	90	58	29	71	64	33	28	12	32	02	75	80	61	31	39	44	33	87	30	24	40	22	04
2022-08-20	73	10	12	48	88	48	55	80	07	18	37	75	21	67	68	55	43	42	76	38	14	38	12	67	79	37	64	19	38	29	05	29	02	65	36	24	03	10	19	56	86	48	22	87	09	68	36	85	53	13	74	22	66	26	36
2022-08-18	76	59	86	84	25	72	67	07	17	82	77	88	44	71	39	12	71	02	39	32	13	05	21	76	65	26	09	49	40	20	43	28	74	81	42	57	87	73	40	35	74	42	62	66	09	12	79	16	01	03	87	40	66	01	19
2022-08-16	69	74	57	62	18	26	85	58	20	12	04	30	31	09	51	51	43	04	22	29	23	16	68	79	67	49	59	66	43	75	44	64	51	81	90	79	37	43	84	48	56	16	79	50	14	22	69	35	51	71	31	90	07	68	30
2022-08-13	73	15	19	88	47	05	35	26	64	33	81	58	57	13	27	62	54	33	70	76	65	20	01	44	87	48	10	76	75	04	84	70	42	87	03	04	32	07	18	02	57	43	72	36	88	57	28	70	04	71	61	16	82	79	06
2022-08-11	66	70	90	71	56	68	69	79	36	47	18	02	05	24	26	90	47	68	42	40	02	19	27	30	15	38	68	22	57	83	57	04	67	20	11	53	38	72	27	89	52	57	39	67	54	06	76	51	67	33	50	59	65	42	12
2022-08-09	25	43	76	14	32	19	32	38	09	07	66	05	26	56	52	75	25	36	02	45	13	30	76	05	18	43	38	60	80	19	52	73	75	15	82	14	34	28	15	70	64	49	25	22	44	20	24	41	44	60	85	43	34	81	79
2022-08-06	57	30	70	56	69	69	63	46	49	89	05	15	52	37	29	07	74	63	67	48	45	56	69	88	50	29	36	34	72	43	62	20	31	29	50	69	36	77	03	04	69	67	33	78	56	79	36	35	07	04	79	80	09	70	65
2022-08-04	18	51	12	15	06	24	78	77	56	80	61	09	67	28	58	76	66	62	18	85	01	29	43	06	69	10	48	04	38	88	23	90	27	16	67	51	79	20	45	29	71	12	07	16	58	45	22	27	03	89	34	49	54	44	41
2022-08-02	80	17	86	13	30	88	24	27	16	61	68	77	13	80	50	10	32	34	19	16	55	24	62	01	20	58	84	78	34	47	15	63	12	33	08	04	63	37	53	80	26	65	24	29	14	57	53	72	83	51	12	46	40	16	32
2022-07-30	14	24	28	64	58	49	63	40	27	33	81	60	87	67	68	88	05	30	55	90	88	86	30	23	73	31	84	12	16	76	43	19	65	27	89	86	55	46	11	65	48	29	55	50	36	19	54	01	31	30	02	47	01	14	77
2022-07-28	58	10	03	65	02	13	16	79	66	18	68	81	45	13	01	67	62	06	38	27	27	08	82	16	23	06	23	34	11	48	42	66	58	37	04	71	21	09	55	61	79	21	41	29	89	35	85	24	54	06	80	57	03	16	02
2022-07-26	25	88	89	82	54	62	42	64	60	72	05	60	06	36	53	33	20	77	78	08	30	50	87	12	80	22	81	35	76	28	49	13	02	48	77	85	34	11	08	64	65	89	42	72	68	87	69	44	43	03	52	76	54	60	21
2022-07-23	21	52	10	37	88	31	02	45	66	08	86	30	21	11	07	87	41	26	65	13	05	25	70	65	06	18	40	90	33	37	27	07	24	28	15	40	77	17	11	03	30	72	45	76	78	70	23	12	45	29	87	35	64	14	10
2022-07-21	10	64	19	32	84	90	28	16	35	20	57	05	56	43	68	69	30	73	50	61	57	50	04	83	55	59	49	45	13	89	33	60	73	16	27	51	85	21	14	59	49	33	36	88	90	05	21	31	89	60	60	71	65	75	74
2022-07-19	09	58	51	77	18	42	56	76	26	50	45	39	64	29	90	66	65	09	33	28	71	16	66	55	78	50	68	52	37	82	49	22	31	07	86	13	73	83	28	21	50	64	51	43	10	09	68	50	02	28	12	52	03	38	01
2022-07-16	18	51	04	38	19	19	71	56	37	61	54	71	49	66	45	76	90	75	38	59	85	29	20	89	83	17	18	89	77	19	32	04	45	25	03	61	89	27	22	85	88	43	17	77	54	40	82	80	35	41	04	70	50	03	85
2022-07-14	06	42	01	64	03	24	47	85	51	13	57	75	56	22	66	25	81	20	71	17	61	12	13	66	40	76	87	37	57	20	86	49	52	64	65	76	31	84	38	15	52	36	68	17	14	46	60	63	26	66	59	82	27	86	13
2022-07-12	62	13	07	23	56	58	24	08	33	44	40	73	22	05	27	86	17	84	66	32	02	33	86	01	30	27	65	77	73	81	31	39	34	40	37	57	31	64	42	43	47	53	72	07	38	24	28	51	10	82	29	14	77	09	55
2022-07-09	80	32	56	48	85	27	12	52	43	23	56	45	48	88	85	37	42	33	51	60	38	60	65	32	49	37	29	70	11	61	80	76	85	71	47	73	43	88	03	35	60	40	11	22	75	02	07	23	51	42	73	87	69	44	06
2022-07-07	47	80	54	29	35	87	04	25	77	65	22	77	46	73	31	74	11	10	25	22	56	23	76	44	18	41	66	23	75	22	23	43	06	25	39	14	76	11	58	82	10	46	72	40	22	89	52	47	24	58	48	33	16	37	71
2022-07-05	29	07	59	87	40	17	63	15	60	89	69	71	02	60	34	11	22	85	50	58	37	35	77	57	89	88	23	07	10	26	39	48	65	85	43	36	43	61	09	22	71	77	48	18	23	01	76	73	64	61	85	05	82	29	38
2022-07-02	49	39	86	27	59	23	81	67	31	80	79	51	22	09	33	25	82	76	39	40	86	41	33	14	16	51	58	75	14	37	12	90	26	45	48	38	83	82	77	08	65	85	32	19	01	44	53	62	27	45	83	80	16	74	23
2022-06-30	54	42	70	86	63	17	69	83	02	23	55	76	30	68	84	66	79	26	88	25	31	49	01	06	12	20	54	09	78	26	34	80	37	57	50	67	46	53	18	10	70	35	38	76	20	47	83	40	27	56	90	74	23	30	29
2022-06-28	39	08	07	75	55	17	23	83	11	70	72	84	20	09	55	18	42	84	69	87	78	39	52	41	60	60	07	27	81	74	54	87	50	64	23	09	14	80	75	71	39	38	33	88	19	64	12	35	28	18	44	19	08	63	40
2022-06-25	86	25	04	62	23	27	65	14	45	24	73	79	06	39	74	78	06	74	03	17	41	25	28	63	23	50	40	28	26	05	33	11	06	07	44	32	41	19	20	77	18	22	42	72	41	78	64	18	31	51	26	61	68	29	81
2022-06-23	55	88	23	22	72	42	26	57	62	67	05	34	23	65	66	67	75	19	47	40	79	80	69	01	03	34	40	81	47	29	74	06	13	21	01	37	51	67	05	75	69	26	85	46	60	36	07	51	50	34	47	12	84	13	74
2022-06-21	58	71	52	78	36	15	68	08	28	56	73	09	39	55	06	70	11	88	86	65	62	68	81	25	76	83	81	33	66	46	71	50	44	18	86	60	77	03	66	20	11	29	58	65	36	57	15	34	71	61	48	24	20	08	86
2022-06-18	08	29	20	60	71	09	16	72	08	20	83	03	11	71	85	73	71	59	54	12	39	64	78	15	18	04	43	07	83	50	18	19	46	50	17	84	06	86	58	09	10	36	01	66	12	81	75	31	54	62	70	01	78	03	65
2022-06-16	15	04	11	34	10	60	14	47	23	45	05	70	31	37	56	28	42	47	61	51	09	76	02	52	40	18	90	57	24	51	85	58	24	81	41	78	49	54	04	50	68	39	40	24	11	61	83	16	21	44	10	06	80	08	21
2022-06-14	34	39	04	76	73	66	46	04	78	57	77	82	05	06	65	73	82	16	51	88	44	62	02	18	06	44	46	48	24	08	88	87	36	64	10	04	48	54	74	58	53	61	71	56	08	66	90	56	62	34	33	64	40	70	88
2022-06-11	29	84	03	25	57	02	24	34	09	26	19	89	32	78	44	43	06	36	79	23	44	77	37	43	57	72	55	41	65	68	37	84	22	88	08	37	60	01	27	79	45	65	80	83	21	38	80	39	21	76	84	89	13	74	86
2022-06-09	66	60	49	29	89	71	65	02	78	51	74	15	32	62	45	18	45	46	85	62	58	81	32	20	23	21	42	19	22	28	56	06	35	34	03	79	02	54	69	30	12	65	22	72	62	15	39	19	89	62	09	56	29	88	83
2022-06-07	02	78	57	59	26	59	07	70	60	72	56	27	69	79	66	04	39	84	30	69	90	28	71	53	80	11	28	43	52	58	03	54	10	41	15	32	52	53	89	25	60	44	82	38	80	27	60	23	82	48	45	68	11	54	40
2022-06-04	86	58	31	56	73	03	19	76	50	89	20	09	01	29	22	68	70	20	49	57	13	05	06	20	43	79	03	82	41	57	36	63	86	45	02	63	40	20	14	34	45	39	15	32	21	68	10	15	81	09	41	07	09	11	56
2022-06-03	76	84	29	70	60	13	76	47	72	55	43	13	44	35	39	55	01	30	66	80	39	47	56	04	27	67	62	89	44	05	47	84	90	68	05	34	56	04	10	22	71	21	55	26	17	44	63	66	52	02	30	78	32	37	01
2022-05-31	12	75	11	46	84	74	90	13	27	73	74	72	19	63	70	39	19	90	50	51	20	02	88	28	61	21	23	59	07	61	38	37	46	82	20	18	90	70	06	03	56	01	76	08	64	41	48	09	28	61	06	07	02	22	64
2022-05-28	74	38	52	15	79	30	12	31	29	59	60	10	54	25	47	02	72	13	84	85	09	80	10	21	20	82	56	51	42	02	43	83	16	72	55	32	14	52	76	64	88	86	76	78	11	44	23	87	19	57	21	27	05	52	74
2022-05-26	89	58	55	31	67	01	88	79	80	59	47	04	41	62	65	67	07	05	46	44	57	43	64	58	17	56	79	14	37	90	53	37	39	24	86	32	07	18	57	44	64	44	31	70	20	86	67	64	58	22	17	47	77	01	06
2022-05-24	81	36	72	84	40	08	80	43	67	64	20	90	58	80	51	40	53	80	62	41	74	62	22	63	35	54	77	76	78	21	50	56	72	42	64	09	88	85	65	06	86	59	21	55	54	77	63	08	10	58	45	79	87	84	72
2022-05-21	42	28	73	64	30	48	20	07	34	67	36	27	79	50	87	78	19	87	39	27	84	07	83	66	09	88	08	61	42	26	76	70	56	25	65	66	07	88	01	24	33	21	49	47	22	88	11	65	69	37	38	31	27	22	14
2022-05-19	32	21	59	44	90	10	25	53	67	17	07	57	11	01	60	29	51	41	56	48	86	41	37	30	26	33	54	78	41	19	23	13	06	81	56	04	14	61	17	47	03	42	34	69	59	89	13	38	74	65	53	35	85	72	82
2022-05-17	16	31	30	50	81	14	04	24	61	87	38	05	28	33	39	80	22	58	35	88	23	72	09	05	01	85	71	82	01	39	50	23	78	39	35	74	83	32	90	01	51	08	59	25	23	21	83	28	62	04	51	31	67	54	62
2022-05-14	47	44	62	08	86	64	84	44	20	88	71	63	73	66	59	48	50	05	46	02	49	13	04	69	62	64	11	21	19	48	22	81	31	55	53	09	40	56	33	70	48	41	08	26	85	87	77	19	05	14	73	52	58	66	90
2022-05-12	51	26	88	69	60	22	43	14	38	60	25	41	60	57	42	17	03	32	53	63	62	46	03	61	84	22	42	24	52	90	60	41	33	78	18	80	08	25	37	53	04	49	46	38	28	42	09	45	44	79	89	30	58	52	90
2022-05-10	49	77	90	85	14	43	55	80	37	22	74	41	89	65	11	76	58	72	49	85	50	33	36	19	74	26	16	47	73	21	67	69	16	37	20	79	72	30	10	58	59	56	55	47	40	69	78	70	30	08	41	45	44	37	18
2022-05-07	34	82	52	53	45	74	39	62	12	86	29	14	42	89	52	25	46	90	82	65	57	72	38	29	86	75	63	13	48	69	01	31	15	68	52	31	51	07	90	52	54	28	23	80	31	21	57	54	83	38	28	26	30	55	64
2022-05-05	67	48	16	42	87	73	66	61	06	88	39	30	04	78	38	33	67	12	78	06	11	47	37	16	81	32	04	51	25	38	37	16	80	86	08	05	45	21	47	76	27	15	06	25	71	71	86	22	60	50	36	08	24	29	20
2022-05-03	80	69	84	73	50	72	62	67	82	09	66	17	07	38	46	37	64	90	88	67	80	72	01	63	18	46	18	83	34	25	35	34	09	76	51	90	54	76	80	71	12	43	22	71	05	38	05	35	66	06	08	12	54	63	80
2022-04-30	47	15	76	12	90	42	53	02	20	79	78	75	24	85	67	09	02	37	17	86	65	87	25	81	39	65	85	62	35	66	64	28	55	18	76	05	49	25	24	74	73	16	82	78	80	64	51	11	21	86	25	17	14	70	86
2022-04-28	10	85	30	17	50	40	13	14	85	87	68	58	01	53	89	02	17	33	22	20	27	37	38	55	54	51	75	20	78	37	26	59	85	89	88	53	09	84	54	25	41	50	53	22	21	31	24	16	04	27	07	73	05	16	68
2022-04-26	58	88	86	50	53	55	13	46	41	11	01	09	52	47	45	07	82	29	70	78	90	40	64	01	31	74	82	33	52	36	54	03	50	32	28	51	03	38	70	32	61	17	52	24	47	86	02	42	59	04	78	87	73	86	09
2022-04-23	82	90	20	09	28	47	66	48	68	39	53	17	34	41	22	20	76	53	78	33	30	10	05	75	69	45	54	07	16	83	23	86	24	72	70	85	31	54	10	65	59	19	17	67	38	81	77	34	62	90	01	58	78	04	55
2022-04-21	37	14	07	62	49	46	28	76	81	85	51	75	32	21	19	23	11	27	80	67	46	35	23	09	69	83	27	82	02	39	56	38	87	83	29	83	77	44	23	65	44	19	08	62	22	08	84	32	53	35	35	79	27	90	70
2022-04-19	36	56	61	73	86	22	85	54	87	26	54	88	61	03	38	23	19	78	15	53	53	20	31	58	65	45	68	18	32	74	76	04	52	30	01	58	51	49	15	02	12	07	22	17	39	27	18	25	66	33	61	81	62	55	26
2022-04-16	47	90	39	40	81	16	81	58	67	71	72	30	08	03	88	02	18	15	26	90	03	89	37	02	21	30	14	62	76	02	29	60	14	64	85	05	01	19	18	87	81	61	52	76	31	16	81	87	19	02	18	83	89	75	68
2022-04-14	54	72	12	85	58	83	61	41	53	55	87	48	54	49	64	25	42	75	62	43	06	64	08	61	26	71	70	50	54	17	12	41	54	72	80	89	32	80	08	75	22	49	41	05	64	78	08	56	74	14	50	54	56	78	30
2022-04-12	61	44	50	41	30	68	04	47	25	78	01	35	02	53	69	90	73	71	82	81	39	21	72	47	38	58	16	86	25	39	05	33	27	53	54	18	20	69	25	78	25	50	41	69	36	10	43	40	82	88	27	17	66	60	34
2022-04-09	25	34	68	90	66	54	31	35	17	53	45	44	05	23	34	42	13	89	20	08	54	76	60	48	22	85	15	34	66	68	82	22	83	12	04	41	73	46	15	72	25	10	89	71	65	58	80	59	35	01	33	56	87	30	84
2022-04-07	85	29	78	75	87	58	81	80	78	16	20	31	33	46	12	54	79	32	77	40	64	23	61	90	77	84	22	69	54	37	58	17	87	76	70	04	25	66	27	19	90	26	69	65	72	33	43	11	89	79	60	13	71	61	35
2022-04-05	28	48	17	46	07	14	78	86	76	21	15	33	04	53	75	44	10	11	65	48	18	52	21	27	51	35	11	42	15	51	62	87	08	68	19	31	05	77	76	60	79	54	06	78	81	10	13	70	44	85	15	19	14	02	24
2022-04-02	35	41	38	06	73	11	49	84	54	80	54	01	27	16	57	04	66	74	85	31	35	24	85	80	39	65	62	64	84	74	72	19	47	26	62	29	79	18	75	77	79	42	01	56	32	44	07	05	68	54	54	62	77	85	88
2022-03-31	41	29	58	24	50	67	36	21	47	87	63	45	53	58	69	68	80	31	56	87	28	87	10	03	70	71	35	62	36	28	29	87	34	85	25	62	84	11	45	76	03	16	53	72	05	11	75	35	54	73	06	15	80	77	64
2022-03-29	54	89	04	57	88	17	02	12	67	31	49	24	52	19	51	61	58	03	01	63	29	56	73	82	11	17	49	31	44	88	83	21	55	29	23	23	42	14	71	87	17	19	81	13	36	41	90	10	74	45	29	18	07	72	61
2022-03-26	28	61	20	37	39	52	65	75	35	46	61	34	15	48	67	64	43	07	75	55	61	05	69	40	76	61	49	83	36	67	83	29	74	30	90	07	06	14	23	32	29	84	01	05	20	64	85	22	65	90	28	51	46	27	38
2022-03-24	53	45	61	17	56	39	31	72	17	73	73	56	09	37	82	62	35	39	29	03	48	33	09	69	65	26	58	57	30	37	12	85	40	31	67	89	24	79	82	59	44	02	49	74	63	46	76	82	10	23	10	50	06	25	27
2022-03-22	22	30	16	88	29	11	21	73	67	59	69	82	44	59	01	27	74	84	45	58	65	77	40	64	30	15	75	59	02	88	89	74	59	56	88	57	36	73	56	72	39	61	78	70	27	07	57	79	52	82	51	79	55	07	41
2022-03-19	48	35	64	14	38	90	73	42	66	46	06	51	68	41	64	63	13	25	75	65	67	02	38	18	40	25	64	66	82	07	10	69	43	51	62	74	55	29	28	45	78	03	70	50	55	46	41	64	57	70	45	70	54	35	85
2022-03-17	10	17	28	19	87	75	26	52	22	20	66	07	45	59	17	85	04	41	36	78	61	55	09	56	49	41	68	10	27	54	83	49	07	31	10	56	66	40	23	47	35	79	49	51	66	48	01	37	16	86	49	79	22	03	30
2022-03-15	49	27	37	45	57	23	34	31	78	52	18	62	01	75	23	06	28	76	41	75	48	03	13	14	67	74	23	51	37	35	89	59	60	58	67	40	42	24	65	10	38	12	59	65	64	41	29	32	10	26	02	31	11	14	58
2022-03-12	07	17	77	76	86	86	22	19	65	40	55	63	14	80	33	17	35	85	09	07	52	18	12	47	01	11	49	21	72	55	21	02	81	50	61	27	53	77	57	49	62	87	76	24	35	90	65	56	74	31	71	51	20	79	77
2022-03-10	73	53	45	37	87	24	69	19	84	73	61	80	45	29	40	27	28	42	87	49	02	88	06	04	75	29	04	50	33	83	14	30	77	72	42	03	48	68	39	43	23	07	77	84	89	90	84	78	56	41	16	40	22	83	62
2022-03-08	08	62	44	12	79	33	29	28	74	64	30	24	02	55	36	71	28	34	64	60	40	20	82	85	57	06	69	54	70	24	36	42	68	21	10	36	77	88	42	27	81	06	02	16	25	82	39	17	51	43	15	09	37	69	54
2022-03-05	89	26	36	01	68	20	39	40	11	41	65	15	30	78	62	83	48	81	56	28	06	76	32	12	26	16	32	69	14	38	71	63	87	54	12	36	49	71	81	76	35	06	70	42	59	18	46	41	76	33	22	75	54	76	14
2022-03-03	11	57	56	66	60	17	05	04	14	81	48	72	74	59	39	26	90	57	70	59	18	33	52	28	38	59	50	18	09	12	47	29	16	55	73	75	90	85	45	82	01	02	68	79	16	52	48	46	37	81	35	45	20	44	31
2022-03-01	61	68	49	75	71	24	54	52	71	79	54	72	60	46	75	89	69	53	74	76	88	30	22	48	01	05	17	88	44	60	78	02	51	05	08	72	67	24	34	82	49	30	51	11	87	14	31	60	25	21	62	01	16	43	12
2022-02-26	87	47	69	31	79	56	32	20	21	19	56	84	15	13	37	24	05	69	39	21	89	36	54	55	12	58	40	72	78	14	63	39	09	32	15	28	46	11	68	29	24	85	42	19	67	13	89	72	88	56	31	33	54	21	47
2022-02-24	46	74	32	68	79	82	25	51	79	44	75	65	63	66	43	61	02	75	65	24	64	12	60	56	34	57	64	84	53	42	41	21	17	76	68	36	33	54	14	38	03	87	29	13	15	67	11	53	89	71	80	27	63	86	11
2022-02-22	35	83	47	74	62	43	44	42	71	31	88	36	32	28	45	14	11	21	24	76	07	52	64	57	24	06	71	35	53	23	77	21	55	47	65	55	89	19	76	75	81	60	63	44	31	10	72	80	63	39	21	66	28	48	45
2022-02-19	23	36	68	10	49	29	28	21	50	07	27	30	20	25	62	03	81	22	90	13	14	22	31	61	62	14	71	46	21	74	82	59	90	79	83	82	15	87	75	51	82	76	74	68	24	77	06	07	26	55	15	71	77	36	43
2022-02-17	07	53	86	16	69	39	36	48	82	42	64	04	23	68	26	69	16	06	30	36	57	49	87	64	11	49	01	12	55	74	40	65	49	37	20	09	31	22	29	69	44	02	78	20	55	12	43	24	19	54	70	47	26	50	19
2022-02-15	52	72	46	77	07	55	16	67	05	83	89	83	77	79	27	04	51	52	20	48	54	30	15	77	03	57	16	84	45	81	83	42	44	26	08	87	70	48	22	59	19	26	23	66	39	55	53	85	08	87	17	44	33	25	63
2022-02-12	08	71	85	51	04	84	47	37	88	63	28	38	33	44	03	41	82	54	40	80	07	90	58	86	27	51	61	80	83	43	11	32	78	70	24	03	69	10	42	18	79	49	50	87	61	49	59	53	01	32	20	62	15	73	84
2022-02-10	55	38	05	39	37	87	48	45	07	09	73	03	04	30	46	83	35	28	06	18	79	32	81	22	47	69	65	68	66	26	75	43	04	50	36	06	04	34	68	22	03	67	39	32	36	04	02	27	61	01	56	72	10	84	67
2022-02-08	19	69	37	60	04	55	43	42	90	56	19	22	09	68	13	66	85	15	40	56	81	11	47	54	12	29	39	15	13	17	13	27	21	14	17	89	83	48	46	26	09	60	55	16	87	14	34	60	03	18	36	58	28	47	35
2022-02-05	25	58	57	06	23	07	25	79	85	64	11	61	21	89	39	70	12	80	74	86	87	19	09	76	61	47	85	84	07	53	32	26	63	88	60	12	30	39	15	46	73	30	09	62	88	46	62	49	30	26	50	66	39	02	10
2022-02-03	54	70	50	78	48	34	62	01	19	67	76	58	33	86	59	52	06	68	37	49	62	11	18	53	27	74	39	13	45	48	11	87	41	53	33	27	75	41	51	05	64	63	88	20	76	08	32	51	29	54	04	20	89	53	68
2022-02-01	06	01	61	23	24	74	70	02	56	36	44	75	11	56	21	29	73	83	36	76	82	90	64	09	37	68	20	84	13	12	57	39	82	72	49	24	60	76	73	44	19	54	55	71	04	86	30	52	56	33	44	03	13	16	40
2022-01-29	88	23	54	28	86	64	87	49	32	71	13	47	02	52	42	86	03	59	43	87	14	15	24	77	45	66	68	17	54	87	38	17	81	82	59	66	63	40	87	19	71	42	41	57	17	01	34	25	50	44	52	03	86	07	69
2022-01-27	69	48	71	45	79	38	31	73	36	46	89	05	78	69	28	47	62	59	02	75	58	34	23	06	84	31	34	42	75	76	36	20	51	23	88	32	19	07	72	75	69	78	17	46	21	59	05	12	47	65	31	89	16	62	63
2022-01-25	74	36	04	59	29	81	16	78	02	49	76	54	28	58	60	78	51	72	71	59	81	09	68	16	58	43	42	52	89	64	21	42	15	71	12	32	71	35	56	12	88	26	30	13	23	15	44	18	39	74	87	39	08	07	78
2022-01-22	55	01	68	06	17	33	29	19	28	44	73	88	56	14	89	68	32	13	76	03	17	30	19	04	40	68	84	14	72	56	14	22	84	68	20	47	37	81	50	59	88	34	13	31	65	88	30	77	85	83	86	71	28	64	47
2022-01-20	83	10	63	25	23	85	13	49	57	03	63	79	23	05	32	44	19	67	89	20	57	69	40	25	75	87	78	42	64	62	87	14	19	76	74	77	83	49	01	08	34	54	51	17	30	85	39	59	18	66	24	69	28	06	23
2022-01-18	76	16	68	50	18	10	04	90	62	11	65	57	74	77	24	10	82	55	43	15	57	78	54	81	89	54	16	19	87	58	36	48	12	24	66	24	23	50	02	30	28	43	84	76	46	37	74	29	23	34	63	60	39	59	35
2022-01-15	01	73	47	90	88	44	06	81	02	45	14	19	76	41	53	57	88	32	20	67	70	42	34	57	43	02	78	30	74	05	47	14	23	82	20	68	63	62	78	85	85	18	66	81	83	42	15	66	46	76	25	56	10	32	30
2022-01-13	83	90	33	15	84	73	86	26	08	87	10	68	47	81	51	71	49	43	38	61	11	55	06	68	85	86	41	74	23	56	03	86	82	89	10	90	25	66	33	79	88	78	01	73	37	02	72	65	17	89	39	85	58	36	88
2022-01-11	39	40	44	58	10	01	62	88	75	81	58	08	90	80	33	28	62	79	77	31	04	55	46	72	25	79	23	72	35	21	04	60	79	24	25	07	64	29	61	47	12	01	35	90	09	19	64	87	78	02	14	11	73	62	80
2022-01-08	41	16	62	13	55	22	69	63	49	55	37	78	79	64	42	02	30	73	19	59	22	56	79	52	46	88	87	32	71	22	66	17	33	86	02	31	72	85	88	50	23	82	89	83	74	86	19	64	44	78	54	43	72	56	53
2022-01-07	62	42	59	71	63	45	48	02	32	70	84	60	51	59	46	74	75	39	69	84	89	53	83	14	51	01	46	22	60	39	37	16	88	25	36	79	40	16	57	14	80	37	84	14	04	58	36	62	53	08	42	49	25	79	34
2022-01-04	13	75	43	55	82	68	90	66	03	56	30	38	23	19	42	18	46	31	65	84	48	21	41	72	54	70	63	09	32	26	71	77	76	56	50	37	78	15	05	41	10	11	64	70	26	36	38	82	15	65	11	22	74	31	37
2022-01-03	49	38	64	66	53	56	73	09	13	61	70	16	50	48	65	28	74	50	09	30	57	87	06	28	75	17	48	23	78	55	19	58	53	22	32	30	89	02	16	62	64	70	66	75	68	79	34	88	16	11	21	56	67	35	12


Lottologia.com
